0.0
0.0
0.0
0.0
43.561
43.561
43.561
43.561
24.928
24.928
24.928
24.928
37.427
37.427
37.427
37.427
45.434
45.434
45.434
45.434
41.658
41.658
41.658
41.658
33.0
33.0
33.0
33.0
25.687
25.687
25.687
25.687
32.889
32.889
32.889
32.889
38.688
38.688
38.688
38.688
12.423
12.423
12.423
12.423
47.917
47.917
47.917
47.917
45.097
45.097
45.097
45.097
63.912
63.912
63.912
56.76
56.76
56.76
56.76
49.351
49.351
49.351
49.351
43.021
43.021
43.021
43.021
39.332
39.332
39.332
39.332
16.158
16.158
16.158
32.976
32.976
32.976
32.976
22.511
22.511
22.511
22.511
18.064
18.064
18.064
18.064
15.661
15.661
15.661
15.661
13.616
13.616
13.616
13.616
21.622
21.622
21.622
21.622
24.927
24.927
24.927
24.927
23.02
23.02
23.02
23.02
17.961
17.961
17.961
17.961
22.982
22.982
22.982
22.982
18.83
18.83
18.83
18.83
20.761
20.761
20.761
20.761
13.122
13.122
13.122
13.122
20.044
20.044
20.044
20.044
25.928
25.928
25.928
25.928
28.746
28.746
28.746
28.746
43.294
43.294
43.294
43.294
15.438
15.438
15.438
15.438
12.408
12.408
12.408
12.408
8.622
8.622
8.622
8.622
16.111
16.111
16.111
16.111
20.105
20.105
20.105
20.105
14.919
14.919
14.919
14.919
15.103
15.103
15.103
15.103
18.041
18.041
18.041
18.041
18.905
18.905
18.905
18.905
28.161
28.161
28.161
28.161
34.467
34.467
34.467
34.467
15.975
15.975
15.975
15.975
35.216
35.216
35.216
35.216
20.973
20.973
20.973
20.973
20.17
20.17
20.17
20.17
19.047
19.047
19.047
19.047
16.752
16.752
16.752
16.752
18.538
18.538
18.538
18.538
18.675
18.675
18.675
18.675
12.561
12.561
12.561
12.561
15.337
15.337
15.337
15.337
18.538
18.538
18.538
18.538
17.116
17.116
17.116
17.116
16.755
16.755
16.755
16.755
19.176
19.176
19.176
19.176
16.753
16.753
16.753
16.753
16.477
16.477
16.477
16.477
17.861
17.861
17.861
17.861
15.468
15.468
15.468
15.468
14.127
14.127
14.127
14.127
9.11
9.11
9.11
9.11
5.915
5.915
