2869
114
124
92
74
79
74
82
63
93
68
75
69
69
92
101
88
56
76
63
70
81
64
113
66
106
92
84
91
70
114
85
75
80
64
66
83
101
66
57
83
96
115
104
101
99
63
80
71
75
89
98
66
73
179
63
94
51
91
60
71
96
59
58
74
106
81
69
69
93
70
57
56
59
93
54
72
91
71
71
67
88
57
72
112
62
84
63
73
79
92
80
64
78
88
74
66
65
64
96
69
65
57
67
77
81
69
76
97
96
76
81
70
78
59
66
69
70
62
72
89
60
147
62
67
81
88
61
83
68
142
69
66
66
88
79
48
62
68
69
81
80
58
78
88
193
74
73
55
79
107
102
63
57
62
72
84
62
62
95
91
95
61
85
80
67
67
62
77
90
60
61
89
95
54
81
71
54
58
53
69
75
61
64
66
78
56
70
62
59
54
50
90
82
72
72
57
73
66
98
58
82
80
65
63
76
71
90
67
70
81
176
129
68
65
69
69
52
58
60
69
64
149
67
80
91
79
65
100
66
58
70
59
77
75
54
71
61
98
76
82
69
65
63
65
81
62
54
108
58
66
48
61
75
61
74
75
116
64
50
73
56
58
64
61
84
66
54
65
87
58
66
65
53
71
112
75
72
77
84
55
61
53
61
59
63
146
72
58
76
60
83
80
69
69
82
71
105
114
65
91
128
75
92
63
89
66
65
78
111
92
84
97
66
72
79
61
146
70
55
98
62
51
79
70
61
69
87
71
75
59
54
60
66
73
66
63
81
69
72
57
63
80
99
83
110
114
94
116
107
88
95
89
127
86
92
66
68
120
76
144
66
70
108
81
70
73
57
66
60
73
73
78
119
71
89
65
79
67
78
59
59
68
64
109
56
48
103
69
68
57
67
54
64
68
95
103
55
79
77
