0.0
0.0
0.0
0.0
0.0
31.454
31.454
31.454
31.454
31.454
28.16
28.16
28.16
28.16
28.16
48.758
48.758
48.758
48.758
48.758
26.487
26.487
26.487
26.487
26.487
27.466
27.466
27.466
27.466
27.466
34.523
34.523
34.523
34.523
34.523
27.136
27.136
27.136
27.136
27.136
32.257
32.257
32.257
32.257
32.257
16.947
16.947
16.947
16.947
16.947
25.956
25.956
25.956
25.956
25.956
21.122
21.122
21.122
21.122
21.122
16.192
16.192
16.192
16.192
16.192
13.772
13.772
13.772
13.772
13.772
21.137
21.137
21.137
21.137
21.137
27.224
27.224
27.224
27.224
27.224
32.7
32.7
32.7
32.7
32.7
23.524
23.524
23.524
23.524
23.524
20.065
20.065
20.065
20.065
20.065
15.718
15.718
15.718
15.718
15.718
20.971
20.971
20.971
20.971
20.971
18.869
18.869
18.869
18.869
18.869
17.411
17.411
17.411
17.411
17.411
17.806
17.806
17.806
17.806
17.806
21.725
21.725
21.725
21.725
21.725
20.829
20.829
20.829
20.829
20.829
16.615
16.615
16.615
16.615
16.615
18.471
18.471
18.471
18.471
18.471
16.889
16.889
16.889
16.889
16.889
34.021
34.021
34.021
34.021
34.021
13.61
13.61
13.61
13.61
13.61
23.392
23.392
23.392
23.392
23.392
19.947
19.947
19.947
19.947
19.947
