2911
88
67
77
61
3511
82
82
76
67
80
71
77
71
63
100
647
89
86
72
57
55
74
96
57
77
79
88
80
89
89
80
76
55
64
64
70
66
99
57
64
67
54
69
66
58
90
1032
84
81
58
74
93
59
67
91
63
69
51
85
76
60
69
92
56
87
109
74
71
55
58
62
68
90
79
64
52
56
68
67
63
130
87
78
64
51
87
59
61
68
63
56
59
51
78
82
59
90
61
68
95
48
58
58
68
67
59
50
63
65
75
55
59
100
76
75
75
69
63
57
68
60
75
73
90
63
65
75
59
157
68
52
68
55
64
101
59
88
54
76
66
50
70
50
61
69
67
90
71
94
54
92
84
63
73
76
62
52
62
81
97
61
67
73
111
79
94
102
64
68
63
70
54
88
89
86
85
72
65
81
59
58
106
63
97
84
89
64
71
62
60
69
52
56
