0.0
0.0
0.0
0.0
0.0
60.483
60.483
60.483
60.483
60.483
28.773
28.773
28.773
28.773
28.773
44.447
44.447
44.447
44.447
44.447
35.138
35.138
35.138
35.138
35.138
27.057
27.057
27.057
27.057
27.057
33.674
33.674
33.674
33.674
33.674
28.997
28.997
28.997
28.997
28.997
26.131
26.131
26.131
26.131
26.131
34.633
34.633
34.633
34.633
34.633
22.352
22.352
22.352
22.352
22.352
22.512
22.512
22.512
22.512
22.512
24.43
24.43
24.43
24.43
24.43
31.887
31.887
31.887
31.887
31.887
38.327
38.327
38.327
38.327
38.327
32.235
32.235
32.235
32.235
32.235
23.0
23.0
23.0
23.0
23.0
19.486
19.486
19.486
19.486
19.486
16.609
16.609
16.609
16.609
16.609
22.72
22.72
22.72
22.72
22.72
24.788
24.788
24.788
24.788
24.788
23.138
23.138
23.138
23.138
23.138
14.77
14.77
14.77
14.77
14.77
21.798
21.798
21.798
21.798
21.798
18.597
18.597
18.597
18.597
18.597
19.939
19.939
19.939
19.939
19.939
21.434
21.434
21.434
21.434
21.434
17.941
17.941
17.941
17.941
17.941
27.246
27.246
27.246
27.246
27.246
27.389
27.389
27.389
27.389
27.389
23.285
23.285
23.285
23.285
23.285
23.832
23.832
23.832
23.832
23.832
39.115
39.115
39.115
39.115
39.115
46.735
46.735
46.735
46.735
46.735
30.131
30.131
30.131
30.131
30.131
16.657
16.657
16.657
16.657
16.657
16.868
16.868
16.868
16.868
16.868
19.316
19.316
19.316
19.316
19.316
22.203
22.203
22.203
22.203
22.203
24.591
24.591
24.591
24.591
24.591
22.549
22.549
22.549
22.549
22.549
14.179
14.179
14.179
14.179
14.179
23.306
23.306
23.306
23.306
23.306
13.124
13.124
13.124
13.124
13.124
19.587
19.587
19.587
19.587
19.587
22.307
22.307
22.307
22.307
22.307
21.186
21.186
21.186
21.186
21.186
20.696
20.696
20.696
20.696
20.696
23.273
23.273
23.273
23.273
23.273
22.54
22.54
22.54
22.54
22.54
16.701
16.701
16.701
16.701
16.701
22.414
22.414
22.414
22.414
22.414
27.434
27.434
27.434
27.434
27.434
17.7
17.7
17.7
17.7
17.7
18.809
18.809
18.809
18.809
