1488
101
87
61
91
72
2497
105
84
87
95
107
98
70
69
66
96
96
69
70
65
64
76
74
79
82
1393
142
61
130
81
68
77
60
74
82
79
79
63
58
57
106
66
82
1512
96
68
68
66
73
61
109
64
101
83
68
113
57
90
82
71
88
80
69
86
66
61
71
83
83
65
70
59
64
62
67
78
78
68
64
52
80
61
69
61
51
81
61
60
63
52
57
62
81
103
84
73
76
64
55
58
72
66
64
84
59
80
96
117
86
105
55
60
55
59
69
56
57
68
55
73
67
65
89
115
60
55
103
67
87
93
63
60
57
60
62
68
58
58
70
64
63
56
60
69
67
87
59
91
76
61
60
76
120
70
75
53
73
75
76
63
90
55
73
49
75
58
70
88
52
71
55
57
58
71
55
46
66
131
75
98
70
72
98
79
92
66
66
58
77
80
91
73
59
72
