0.0
0.0
0.0
0.0
0.0
53.604
53.604
53.604
53.604
53.604
25.943
25.943
25.943
25.943
25.943
21.737
21.737
21.737
21.737
21.737
19.751
19.751
19.751
19.751
19.751
28.27
28.27
28.27
28.27
28.27
16.346
16.346
16.346
16.346
16.346
47.673
47.673
47.673
47.673
47.673
19.135
19.135
19.135
19.135
19.135
19.895
19.895
19.895
19.895
19.895
25.065
25.065
25.065
25.065
25.065
26.425
26.425
26.425
26.425
26.425
21.383
21.383
21.383
21.383
21.383
20.632
20.632
20.632
20.632
20.632
23.429
23.429
23.429
23.429
23.429
20.614
20.614
20.614
20.614
20.614
27.006
27.006
27.006
27.006
27.006
18.509
18.509
18.509
18.509
18.509
22.841
22.841
22.841
22.841
22.841
24.023
24.023
24.023
24.023
24.023
19.609
19.609
19.609
19.609
19.609
21.59
21.59
21.59
21.59
21.59
30.993
30.993
30.993
30.993
30.993
20.635
20.635
20.635
20.635
20.635
25.106
25.106
25.106
25.106
25.106
19.854
19.854
19.854
19.854
19.854
35.684
35.684
35.684
35.684
35.684
22.598
22.598
22.598
22.598
22.598
34.3
34.3
34.3
34.3
34.3
23.977
23.977
23.977
23.977
23.977
26.157
26.157
26.157
26.157
26.157
20.807
20.807
20.807
20.807
20.807
20.722
20.722
20.722
20.722
20.722
28.992
28.992
28.992
28.992
28.992
22.07
22.07
22.07
22.07
22.07
19.792
19.792
19.792
19.792
19.792
20.514
20.514
20.514
20.514
20.514
27.978
27.978
27.978
27.978
27.978
21.412
21.412
21.412
21.412
21.412
20.852
20.852
20.852
20.852
20.852
20.161
20.161
20.161
20.161
20.161
25.429
25.429
25.429
25.429
25.429
24.899
24.899
24.899
24.899
24.899
19.906
19.906
19.906
19.906
19.906
22.587
22.587
22.587
22.587
22.587
22.353
22.353
22.353
22.353
22.353
28.919
28.919
28.919
28.919
28.919
18.407
18.407
18.407
18.407
18.407
23.875
23.875
23.875
23.875
23.875
20.826
20.826
20.826
20.826
20.826
16.374
16.374
16.374
16.374
16.374
24.78
24.78
24.78
24.78
24.78
21.266
21.266
21.266
21.266
21.266
24.345
24.345
24.345
24.345
24.345
20.058
20.058
20.058
20.058
20.058
17.381
17.381
17.381
17.381
17.381
25.295
25.295
25.295
25.295
25.295
16.179
16.179
16.179
16.179
16.179
29.799
29.799
29.799
29.799
29.799
19.234
19.234
19.234
19.234
19.234
18.209
18.209
18.209
18.209
18.209
24.973
24.973
24.973
24.973
24.973
23.694
23.694
23.694
23.694
23.694
18.584
18.584
18.584
18.584
18.584
42.948
42.948
42.948
42.948
42.948
23.982
23.982
23.982
23.982
23.982
20.189
20.189
20.189
20.189
20.189
17.897
17.897
17.897
17.897
17.897
21.045
21.045
21.045
21.045
21.045
22.973
22.973
22.973
22.973
22.973
20.124
20.124
20.124
20.124
20.124
17.117
17.117
17.117
17.117
17.117
24.738
24.738
24.738
24.738
24.738
23.069
23.069
23.069
23.069
23.069
15.725
15.725
15.725
15.725
15.725
25.325
25.325
25.325
25.325
25.325
16.056
16.056
16.056
16.056
16.056
28.801
28.801
28.801
28.801
28.801
23.285
23.285
23.285
23.285
23.285
23.978
23.978
23.978
23.978
23.978
20.928
20.928
20.928
20.928
20.928
23.169
23.169
23.169
23.169
23.169
22.543
22.543
22.543
22.543
22.543
24.513
24.513
24.513
24.513
24.513
18.994
18.994
18.994
18.994
18.994
24.652
24.652
24.652
24.652
24.652
23.844
23.844
23.844
23.844
23.844
21.988
21.988
21.988
21.988
21.988
57.42
57.42
57.42
57.42
100.0
100.0
100.0
96.258
96.258
96.258
96.258
96.258
34.661
34.661
34.661
34.661
34.661
18.435
18.435
18.435
18.435
18.435
16.317
16.317
16.317
16.317
16.317
18.315
18.315
18.315
18.315
18.315
21.3
21.3
21.3
21.3
21.3
24.878
24.878
24.878
24.878
24.878
22.711
22.711
22.711
22.711
22.711
21.322
21.322
21.322
21.322
21.322
21.491
21.491
21.491
21.491
21.491
18.176
18.176
18.176
18.176
18.176
21.499
21.499
21.499
21.499
21.499
26.449
26.449
26.449
26.449
26.449
26.455
26.455
26.455
26.455
26.455
20.619
20.619
20.619
20.619
20.619
22.107
22.107
22.107
22.107
22.107
21.161
21.161
21.161
21.161
21.161
22.042
22.042
22.042
22.042
22.042
32.121
32.121
32.121
32.121
32.121
19.517
19.517
19.517
19.517
19.517
28.247
28.247
28.247
28.247
28.247
17.722
17.722
17.722
17.722
17.722
21.695
21.695
21.695
21.695
21.695
19.975
19.975
19.975
19.975
19.975
21.834
21.834
21.834
21.834
21.834
25.004
25.004
25.004
25.004
25.004
18.907
18.907
18.907
18.907
18.907
20.552
20.552
20.552
20.552
20.552
25.655
25.655
25.655
25.655
