1109
183
80
117
126
98
72
75
56
134
77
75
81
79
111
122
68
64
82
75
77
74
66
57
70
114
105
58
52
59
61
74
51
98
59
59
50
87
70
113
47
87
105
115
70
66
60
66
60
71
73
76
75
68
117
54
73
59
62
68
75
68
84
65
54
67
71
106
57
55
83
75
50
75
50
103
65
61
69
58
88
56
59
93
57
104
52
82
64
66
68
75
62
48
80
59
65
55
95
56
124
71
80
96
67
65
56
65
97
80
56
61
84
68
59
76
89
58
66
73
96
72
62
56
139
116
72
89
55
63
58
63
79
68
80
66
64
75
77
59
84
64
58
59
59
64
66
59
58
90
70
105
69
69
63
83
85
73
65
55
121
84
53
79
69
80
67
53
71
106
64
53
67
85
74
124
76
66
64
98
106
63
74
60
53
55
62
86
78
86
93
69
74
106
60
73
56
70
72
68
87
51
60
71
57
113
62
74
62
84
58
76
56
48
73
90
111
72
60
128
83
70
59
105
68
60
56
112
85
71
79
75
87
64
64
57
80
52
75
62
55
104
58
68
53
110
74
81
89
61
55
110
69
118
67
55
99
64
55
93
67
55
66
93
59
76
62
57
85
47
94
56
67
61
51
52
53
50
57
65
73
142
58
54
101
78
51
67
77
72
108
73
55
67
61
72
52
62
55
68
67
88
59
73
71
83
87
67
58
70
62
70
58
64
65
91
49
72
64
74
81
73
63
55
57
122
66
77
57
57
64
59
69
95
74
80
58
75
61
49
62
52
48
65
60
84
58
62
60
61
55
50
54
70
67
66
74
71
73
57
59
68
95
79
62
70
94
73
59
77
76
62
51
97
69
94
76
53
57
62
57
80
80
86
86
53
57
57
60
70
84
66
61
88
135
78
64
60
91
55
