0.0
0.0
0.0
0.0
0.0
58.384
58.384
58.384
58.384
58.384
25.673
25.673
25.673
25.673
25.673
21.454
21.454
21.454
21.454
21.454
26.059
26.059
26.059
26.059
26.059
24.704
24.704
24.704
24.704
24.704
21.313
21.313
21.313
21.313
21.313
22.388
22.388
22.388
22.388
22.388
19.834
19.834
19.834
19.834
19.834
23.783
23.783
23.783
23.783
23.783
23.728
23.728
23.728
23.728
23.728
20.207
20.207
20.207
20.207
20.207
23.697
23.697
23.697
23.697
23.697
21.482
21.482
21.482
21.482
21.482
23.283
23.283
23.283
23.283
23.283
19.792
19.792
19.792
19.792
19.792
20.701
20.701
20.701
20.701
20.701
18.091
18.091
18.091
18.091
18.091
17.956
17.956
17.956
17.956
17.956
20.402
20.402
20.402
20.402
20.402
21.168
21.168
21.168
21.168
21.168
16.643
16.643
16.643
16.643
16.643
19.711
19.711
19.711
19.711
19.711
14.961
14.961
14.961
14.961
14.961
23.672
23.672
23.672
23.672
23.672
23.471
23.471
23.471
23.471
23.471
21.882
21.882
21.882
21.882
21.882
23.313
23.313
23.313
23.313
23.313
33.684
33.684
33.684
33.684
33.684
33.544
33.544
33.544
33.544
33.544
17.258
17.258
17.258
17.258
17.258
22.857
22.857
22.857
22.857
22.857
15.057
15.057
15.057
15.057
15.057
23.732
23.732
23.732
23.732
23.732
22.747
22.747
22.747
22.747
22.747
26.485
26.485
26.485
26.485
26.485
21.796
21.796
21.796
21.796
21.796
21.099
21.099
21.099
21.099
21.099
22.333
22.333
22.333
22.333
22.333
21.036
21.036
21.036
21.036
21.036
21.396
21.396
21.396
21.396
21.396
16.449
16.449
16.449
16.449
16.449
18.554
18.554
18.554
18.554
18.554
15.983
15.983
15.983
15.983
15.983
19.399
19.399
19.399
19.399
19.399
20.79
20.79
20.79
20.79
20.79
24.846
24.846
24.846
24.846
24.846
25.502
25.502
25.502
25.502
25.502
19.587
19.587
19.587
19.587
19.587
25.766
25.766
25.766
25.766
25.766
23.025
23.025
23.025
23.025
23.025
17.112
17.112
17.112
17.112
17.112
22.259
22.259
22.259
22.259
22.259
19.906
19.906
19.906
19.906
19.906
23.508
23.508
23.508
23.508
23.508
17.179
17.179
17.179
17.179
17.179
21.266
21.266
21.266
21.266
21.266
16.927
16.927
16.927
16.927
16.927
19.447
19.447
19.447
19.447
19.447
20.239
20.239
20.239
20.239
20.239
18.867
18.867
18.867
18.867
18.867
21.53
21.53
21.53
21.53
21.53
21.488
21.488
21.488
21.488
21.488
19.887
19.887
19.887
19.887
19.887
19.031
19.031
19.031
19.031
19.031
20.549
20.549
20.549
20.549
20.549
23.192
23.192
23.192
23.192
23.192
27.204
27.204
27.204
27.204
27.204
23.407
23.407
23.407
23.407
23.407
21.792
21.792
21.792
21.792
21.792
22.369
22.369
22.369
22.369
22.369
22.022
22.022
22.022
22.022
22.022
22.644
22.644
22.644
22.644
22.644
24.828
24.828
24.828
24.828
24.828
41.166
41.166
41.166
41.166
41.166
17.219
17.219
17.219
17.219
17.219
22.172
22.172
22.172
22.172
22.172
22.7
22.7
22.7
22.7
22.7
27.171
27.171
27.171
27.171
27.171
20.669
20.669
20.669
20.669
20.669
21.554
21.554
21.554
21.554
21.554
20.767
20.767
20.767
20.767
20.767
14.329
14.329
14.329
14.329
14.329
17.876
17.876
17.876
17.876
17.876
28.989
28.989
28.989
28.989
28.989
37.538
37.538
37.538
37.538
37.538
26.568
26.568
26.568
26.568
26.568
21.315
21.315
21.315
21.315
21.315
21.089
21.089
21.089
21.089
21.089
16.531
16.531
16.531
16.531
16.531
23.886
23.886
23.886
23.886
23.886
23.562
23.562
23.562
23.562
23.562
20.873
20.873
20.873
20.873
20.873
19.213
19.213
19.213
19.213
19.213
17.417
17.417
17.417
17.417
17.417
16.296
16.296
16.296
16.296
16.296
17.705
17.705
17.705
17.705
17.705
21.392
21.392
21.392
21.392
21.392
19.605
19.605
19.605
19.605
19.605
22.617
22.617
22.617
22.617
22.617
17.896
17.896
17.896
17.896
17.896
17.329
17.329
17.329
17.329
17.329
21.174
21.174
21.174
21.174
21.174
16.516
16.516
16.516
16.516
16.516
15.631
15.631
15.631
15.631
15.631
21.566
21.566
21.566
21.566
21.566
18.241
18.241
18.241
18.241
18.241
21.161
21.161
21.161
21.161
21.161
24.556
24.556
24.556
24.556
24.556
19.585
19.585
19.585
19.585
19.585
19.87
19.87
19.87
19.87
19.87
17.978
17.978
17.978
17.978
17.978
21.065
21.065
21.065
21.065
21.065
33.088
33.088
33.088
33.088
33.088
36.14
36.14
36.14
36.14
36.14
35.151
35.151
35.151
35.151
35.151
21.679
21.679
21.679
21.679
21.679
26.041
26.041
26.041
26.041
26.041
24.71
24.71
24.71
24.71
24.71
30.118
30.118
30.118
30.118
30.118
21.701
21.701
21.701
21.701
21.701
29.315
29.315
29.315
29.315
29.315
18.166
18.166
18.166
18.166
18.166
32.59
32.59
32.59
32.59
32.59
17.492
17.492
17.492
17.492
17.492
32.136
32.136
32.136
32.136
32.136
23.317
23.317
23.317
23.317
23.317
64.621
64.621
64.621
64.621
64.621
40.038
40.038
40.038
40.038
40.038
62.105
62.105
62.105
62.105
62.105
50.353
50.353
50.353
50.353
50.353
55.876
55.876
55.876
55.876
