1448
82
1846
201
79
83
82
99
86
83
89
83
88
104
65
87
68
93
82
61
77
105
66
89
97
82
87
60
55
79
70
70
78
71
78
73
73
64
58
81
76
69
76
101
95
65
119
77
73
68
71
63
73
79
64
95
64
141
61
73
62
70
68
65
60
84
79
77
105
83
127
68
86
89
67
81
93
133
64
67
71
80
111
74
64
66
61
72
76
104
79
66
92
129
63
57
61
90
93
63
74
90
68
81
87
61
104
67
77
78
81
76
106
71
88
76
66
66
115
91
61
53
77
60
60
83
122
71
68
59
83
78
72
65
73
76
62
139
61
104
78
71
88
81
78
101
77
64
65
83
83
90
68
73
89
83
53
60
61
87
77
149
54
62
78
63
56
107
78
83
80
62
70
85
69
103
191
86
75
71
114
71
75
81
97
64
98
71
111
79
78
128
82
66
120
76
70
71
93
113
68
57
87
66
114
88
99
63
65
76
113
77
72
120
54
65
60
137
105
73
63
94
74
65
118
83
91
87
71
99
80
109
83
66
71
99
73
55
89
58
75
66
99
86
79
84
88
91
110
112
71
68
75
56
55
86
69
77
115
90
81
99
62
72
89
72
86
70
62
55
56
83
69
105
54
65
90
91
63
123
89
117
78
53
94
80
95
84
83
107
80
109
83
64
72
70
77
66
60
67
59
65
54
66
49
115
83
86
71
86
79
83
54
72
88
108
75
67
58
80
60
105
93
90
76
55
58
54
57
55
64
66
59
102
83
98
98
56
78
79
112
110
60
70
59
67
59
64
70
55
57
92
64
134
72
59
64
78
65
86
107
121
57
55
112
62
59
70
76
68
65
90
88
70
104
99
60
101
69
66
57
70
66
91
68
88
60
108
76
77
59
135
77
74
97
68
71
66
