0.0
0.0
0.0
0.0
0.0
58.476
58.476
58.476
58.476
58.476
32.388
32.388
32.388
32.388
32.388
35.437
35.437
35.437
35.437
35.437
30.677
30.677
30.677
30.677
30.677
33.535
33.535
33.535
33.535
33.535
24.328
24.328
24.328
24.328
24.328
25.998
25.998
25.998
25.998
25.998
23.566
23.566
23.566
23.566
23.566
21.782
21.782
21.782
21.782
21.782
18.412
18.412
18.412
18.412
18.412
26.868
26.868
26.868
26.868
26.868
24.409
24.409
24.409
24.409
24.409
17.985
17.985
17.985
17.985
17.985
23.193
23.193
23.193
23.193
23.193
23.612
23.612
23.612
23.612
23.612
26.944
26.944
26.944
26.944
26.944
18.441
18.441
18.441
18.441
18.441
22.814
22.814
22.814
22.814
22.814
15.447
15.447
15.447
15.447
15.447
14.171
14.171
14.171
14.171
14.171
37.287
37.287
37.287
37.287
37.287
66.757
66.757
66.757
66.757
100.0
100.0
100.0
83.907
83.907
83.907
83.907
83.907
48.614
48.614
48.614
48.614
48.614
22.568
22.568
22.568
22.568
22.568
20.292
20.292
20.292
20.292
20.292
19.331
19.331
19.331
19.331
19.331
19.788
19.788
19.788
19.788
19.788
15.692
15.692
15.692
15.692
15.692
17.283
17.283
17.283
17.283
17.283
23.281
23.281
23.281
23.281
23.281
25.099
25.099
25.099
25.099
25.099
17.881
17.881
17.881
17.881
17.881
19.045
19.045
19.045
19.045
19.045
14.832
14.832
14.832
14.832
14.832
20.317
20.317
20.317
20.317
20.317
20.937
20.937
20.937
20.937
20.937
29.216
29.216
29.216
29.216
29.216
17.544
17.544
17.544
17.544
17.544
17.285
17.285
17.285
17.285
17.285
19.578
19.578
19.578
19.578
19.578
18.298
18.298
18.298
18.298
18.298
19.671
19.671
19.671
19.671
19.671
25.244
25.244
25.244
25.244
25.244
25.065
25.065
25.065
25.065
25.065
21.786
21.786
21.786
21.786
21.786
16.916
16.916
16.916
16.916
16.916
18.626
18.626
18.626
18.626
18.626
41.043
41.043
41.043
41.043
41.043
18.022
18.022
18.022
18.022
18.022
20.193
20.193
20.193
20.193
20.193
20.052
20.052
20.052
20.052
20.052
19.704
19.704
19.704
19.704
19.704
18.276
18.276
18.276
18.276
18.276
19.048
19.048
19.048
19.048
19.048
19.488
19.488
19.488
19.488
19.488
13.224
13.224
13.224
13.224
13.224
25.492
25.492
25.492
25.492
25.492
16.71
16.71
16.71
16.71
16.71
18.382
18.382
18.382
18.382
18.382
17.561
17.561
17.561
17.561
17.561
23.531
23.531
23.531
23.531
23.531
19.268
19.268
19.268
19.268
19.268
22.648
22.648
22.648
22.648
22.648
21.957
21.957
21.957
21.957
21.957
16.297
16.297
16.297
16.297
16.297
16.717
16.717
16.717
16.717
16.717
17.324
17.324
17.324
17.324
17.324
15.583
15.583
15.583
15.583
15.583
19.049
19.049
19.049
19.049
19.049
18.107
18.107
18.107
18.107
18.107
17.83
17.83
17.83
17.83
17.83
15.087
15.087
15.087
15.087
15.087
20.198
20.198
20.198
20.198
20.198
22.573
22.573
22.573
22.573
22.573
12.528
12.528
12.528
12.528
12.528
22.173
22.173
22.173
22.173
22.173
19.021
19.021
19.021
19.021
19.021
20.327
20.327
20.327
20.327
20.327
17.358
17.358
17.358
17.358
17.358
21.696
21.696
21.696
21.696
21.696
14.316
14.316
14.316
14.316
14.316
16.703
16.703
16.703
16.703
16.703
62.254
62.254
62.254
62.254
98.655
98.655
98.655
98.655
98.655
27.557
27.557
27.557
27.557
27.557
20.315
20.315
20.315
20.315
20.315
17.571
17.571
17.571
17.571
17.571
19.876
19.876
19.876
19.876
19.876
18.224
18.224
18.224
18.224
18.224
17.479
17.479
17.479
17.479
17.479
25.335
25.335
25.335
25.335
25.335
19.537
19.537
19.537
19.537
19.537
17.865
17.865
17.865
17.865
17.865
19.085
19.085
19.085
19.085
19.085
13.129
13.129
13.129
13.129
13.129
22.719
22.719
22.719
22.719
22.719
20.49
20.49
20.49
20.49
20.49
19.454
19.454
19.454
19.454
19.454
15.691
15.691
15.691
15.691
15.691
19.153
19.153
19.153
19.153
80.025
80.025
80.025
98.579
98.579
98.579
98.579
98.579
23.652
23.652
23.652
23.652
23.652
29.81
29.81
29.81
29.81
29.81
22.686
22.686
22.686
22.686
22.686
18.484
18.484
18.484
18.484
18.484
21.573
21.573
21.573
21.573
21.573
21.899
21.899
21.899
21.899
21.899
19.317
19.317
19.317
19.317
19.317
22.337
22.337
22.337
22.337
22.337
28.031
28.031
28.031
28.031
28.031
20.768
20.768
20.768
20.768
20.768
28.821
28.821
28.821
28.821
28.821
19.265
19.265
19.265
19.265
19.265
19.498
19.498
19.498
19.498
19.498
14.87
14.87
14.87
14.87
14.87
