1421
85
72
74
1968
92
101
89
76
96
63
65
84
82
78
82
76
80
70
84
65
64
76
111
71
91
56
86
94
59
75
84
123
76
67
69
58
72
66
76
69
111
100
61
67
72
90
80
138
67
74
89
90
68
62
46
61
93
77
80
77
72
68
84
106
65
110
88
126
56
65
113
87
68
91
87
77
61
71
94
89
60
86
101
125
63
88
83
65
70
96
68
59
74
89
83
64
88
101
74
92
90
78
50
75
48
55
53
78
84
80
84
77
81
130
61
65
68
83
98
104
98
66
93
73
106
67
77
67
76
72
58
69
63
89
108
60
63
54
94
64
65
75
68
98
55
96
163
68
61
63
63
59
63
83
63
81
57
67
56
50
113
62
74
91
73
62
84
88
66
57
95
54
82
83
79
99
78
88
70
66
84
69
70
93
69
93
85
90
72
66
55
82
120
99
57
58
69
85
79
93
63
79
61
65
62
74
81
63
68
87
71
69
66
93
65
69
107
61
69
104
57
62
97
71
53
70
103
81
83
86
71
84
102
54
67
101
86
82
144
89
80
58
69
67
77
73
66
110
64
64
71
63
86
106
76
216
73
102
101
82
71
68
113
61
50
59
74
75
70
117
88
85
60
52
91
65
50
68
133
43
55
61
78
62
62
54
75
52
75
72
67
100
96
84
88
84
54
78
94
77
72
85
65
95
113
71
80
87
62
58
82
51
75
62
49
77
72
110
104
60
69
76
55
112
102
61
66
62
71
80
74
63
106
56
69
104
66
113
96
80
92
69
70
99
82
65
77
77
107
66
65
63
76
103
81
85
66
91
81
77
67
64
67
86
64
66
75
78
62
64
66
78
77
96
62
68
85
101
66
93
77
73
91
63
82
81
72
71
87
80
80
73
74
79
60
72
59
