0.0
0.0
0.0
0.0
0.0
54.681
54.681
54.681
54.681
54.681
18.656
18.656
18.656
18.656
18.656
29.5
29.5
29.5
29.5
29.5
34.212
34.212
34.212
34.212
34.212
31.235
31.235
31.235
31.235
31.235
34.366
34.366
34.366
34.366
34.366
37.307
37.307
37.307
37.307
37.307
19.245
19.245
19.245
19.245
19.245
22.869
22.869
22.869
22.869
22.869
24.506
24.506
24.506
24.506
24.506
28.985
28.985
28.985
28.985
90.49
90.49
90.49
90.49
90.49
80.865
80.865
80.865
80.865
80.865
37.754
37.754
37.754
37.754
37.754
22.842
22.842
22.842
22.842
22.842
20.819
20.819
20.819
20.819
20.819
20.521
20.521
20.521
20.521
20.521
13.641
13.641
13.641
13.641
13.641
37.785
37.785
37.785
37.785
37.785
24.995
24.995
24.995
24.995
24.995
14.762
14.762
14.762
14.762
14.762
21.364
21.364
21.364
21.364
21.364
26.588
26.588
26.588
26.588
26.588
17.992
17.992
17.992
17.992
17.992
26.824
26.824
26.824
26.824
26.824
18.387
18.387
18.387
18.387
18.387
21.959
21.959
21.959
21.959
21.959
21.972
21.972
21.972
21.972
21.972
19.151
19.151
19.151
19.151
19.151
35.652
35.652
35.652
35.652
35.652
22.144
22.144
22.144
22.144
22.144
14.584
14.584
14.584
14.584
14.584
26.226
26.226
26.226
26.226
26.226
20.838
20.838
20.838
20.838
20.838
24.798
24.798
24.798
24.798
24.798
19.173
19.173
19.173
19.173
19.173
26.359
26.359
26.359
26.359
26.359
19.627
19.627
19.627
19.627
19.627
18.764
18.764
18.764
18.764
18.764
18.417
18.417
18.417
18.417
18.417
24.363
24.363
24.363
24.363
24.363
16.192
16.192
16.192
16.192
16.192
13.414
13.414
13.414
13.414
13.414
21.866
21.866
21.866
21.866
21.866
19.827
19.827
19.827
19.827
19.827
28.497
28.497
28.497
28.497
28.497
17.056
17.056
17.056
17.056
17.056
23.736
23.736
23.736
23.736
23.736
21.667
21.667
21.667
21.667
21.667
21.399
21.399
21.399
21.399
21.399
27.553
27.553
27.553
27.553
27.553
23.121
23.121
23.121
23.121
23.121
21.477
21.477
21.477
21.477
21.477
15.195
15.195
15.195
15.195
15.195
26.186
26.186
26.186
26.186
26.186
20.187
20.187
20.187
20.187
20.187
24.219
24.219
24.219
24.219
24.219
17.782
17.782
17.782
17.782
17.782
21.56
21.56
21.56
21.56
21.56
24.309
24.309
24.309
24.309
24.309
15.185
15.185
15.185
15.185
15.185
20.275
20.275
20.275
20.275
20.275
20.236
20.236
20.236
20.236
20.236
17.593
17.593
17.593
17.593
17.593
18.173
18.173
18.173
18.173
18.173
12.28
12.28
12.28
12.28
12.28
18.718
18.718
18.718
18.718
18.718
22.105
22.105
22.105
22.105
22.105
21.672
21.672
21.672
21.672
21.672
20.767
20.767
20.767
20.767
20.767
19.174
19.174
19.174
19.174
19.174
19.124
19.124
19.124
19.124
19.124
28.132
28.132
28.132
28.132
28.132
16.894
16.894
16.894
16.894
16.894
18.994
18.994
18.994
18.994
18.994
21.837
21.837
21.837
21.837
21.837
39.91
39.91
39.91
39.91
39.91
15.021
15.021
15.021
15.021
15.021
23.977
23.977
23.977
23.977
23.977
15.075
15.075
15.075
15.075
15.075
19.281
19.281
19.281
19.281
19.281
18.78
18.78
18.78
18.78
18.78
19.033
19.033
19.033
19.033
19.033
30.518
30.518
30.518
30.518
30.518
17.915
17.915
17.915
17.915
17.915
26.366
26.366
26.366
26.366
26.366
23.852
23.852
23.852
23.852
23.852
22.817
22.817
22.817
22.817
22.817
17.502
17.502
17.502
17.502
17.502
17.384
17.384
17.384
17.384
17.384
25.098
25.098
25.098
25.098
25.098
19.603
19.603
19.603
19.603
19.603
20.51
20.51
20.51
20.51
20.51
18.029
18.029
18.029
18.029
18.029
27.103
27.103
27.103
27.103
27.103
19.021
19.021
19.021
19.021
19.021
22.236
22.236
22.236
22.236
22.236
20.87
20.87
20.87
20.87
20.87
18.904
18.904
18.904
18.904
18.904
16.355
16.355
16.355
16.355
16.355
22.869
22.869
22.869
22.869
22.869
20.205
20.205
20.205
20.205
20.205
17.673
17.673
17.673
17.673
17.673
14.959
14.959
14.959
14.959
14.959
20.434
20.434
20.434
20.434
20.434
24.796
24.796
24.796
24.796
24.796
19.892
19.892
19.892
19.892
19.892
22.265
22.265
22.265
22.265
22.265
20.922
20.922
20.922
20.922
20.922
22.258
22.258
22.258
22.258
22.258
19.561
19.561
19.561
19.561
19.561
14.282
14.282
14.282
14.282
14.282
22.579
22.579
22.579
22.579
22.579
20.437
20.437
20.437
20.437
20.437
17.219
17.219
17.219
17.219
17.219
18.413
18.413
18.413
18.413
18.413
16.622
16.622
16.622
16.622
16.622
24.5
24.5
24.5
24.5
24.5
22.047
22.047
22.047
22.047
22.047
19.321
19.321
19.321
19.321
19.321
