1395
100
102
71
2033
121
112
105
69
67
74
74
73
109
73
98
100
118
85
114
97
69
72
125
99
93
90
85
96
72
114
118
66
88
57
132
87
90
84
73
73
74
82
71
65
101
59
74
58
56
66
71
86
76
62
75
53
63
76
68
79
159
65
58
67
67
105
68
69
60
109
53
82
79
75
55
82
77
79
70
96
68
73
68
83
105
62
67
108
85
63
73
68
66
79
71
60
88
90
93
76
92
78
57
70
55
86
93
109
78
62
63
89
57
81
66
103
79
76
96
98
58
63
82
101
66
82
69
104
80
99
73
94
62
64
118
53
82
64
66
60
108
71
61
85
70
65
80
95
75
62
74
70
77
70
58
78
81
68
79
78
59
60
67
65
104
68
105
82
57
62
71
79
76
68
61
50
67
64
87
59
88
68
84
104
62
60
77
105
55
92
65
72
64
69
78
76
85
80
67
68
98
71
70
70
59
71
107
72
57
72
107
101
121
147
96
61
66
61
92
93
95
62
56
82
62
106
63
56
79
63
61
58
105
68
54
55
73
95
128
58
58
59
97
76
105
66
64
89
67
64
61
65
65
97
66
61
61
84
88
65
114
68
64
60
107
146
87
94
73
66
69
113
52
111
58
74
92
85
78
91
91
74
67
87
84
73
68
84
89
82
81
86
95
84
77
86
77
91
105
57
61
69
64
72
96
70
100
64
74
64
67
65
75
51
79
57
68
62
88
116
56
75
86
63
130
111
61
64
77
90
74
81
70
82
79
124
73
103
62
71
93
71
81
68
90
66
60
75
71
52
109
53
58
73
57
74
76
104
57
64
68
66
69
84
69
65
127
71
82
98
93
74
79
67
101
57
70
58
56
93
79
66
72
84
63
83
66
89
82
79
61
102
60
92
69
79
