0.0
0.0
0.0
0.0
0.0
61.983
61.983
61.983
61.983
61.983
13.661
13.661
13.661
13.661
13.661
24.639
24.639
24.639
24.639
24.639
20.293
20.293
20.293
20.293
20.293
26.299
26.299
26.299
26.299
26.299
20.92
20.92
20.92
20.92
20.92
25.549
25.549
25.549
25.549
25.549
19.917
19.917
19.917
19.917
19.917
21.379
21.379
21.379
21.379
21.379
18.833
18.833
18.833
18.833
18.833
35.424
35.424
35.424
35.424
35.424
17.81
17.81
17.81
17.81
17.81
17.138
17.138
17.138
17.138
17.138
22.602
22.602
22.602
22.602
22.602
16.903
16.903
16.903
16.903
16.903
19.118
19.118
19.118
19.118
19.118
17.661
17.661
17.661
17.661
17.661
22.6
22.6
22.6
22.6
22.6
24.655
24.655
24.655
24.655
24.655
19.736
19.736
19.736
19.736
19.736
18.741
18.741
18.741
18.741
18.741
20.083
20.083
20.083
20.083
20.083
20.716
20.716
20.716
20.716
20.716
25.812
25.812
25.812
25.812
25.812
47.81
47.81
47.81
47.81
47.81
38.004
38.004
38.004
38.004
38.004
40.224
40.224
40.224
40.224
40.224
29.04
29.04
