0.0
0.0
0.0
0.0
0.0
63.404
63.404
63.404
63.404
63.404
18.767
18.767
18.767
18.767
18.767
19.884
19.884
19.884
19.884
19.884
33.692
33.692
33.692
33.692
33.692
21.549
21.549
21.549
21.549
21.549
21.261
21.261
21.261
21.261
21.261
23.172
23.172
23.172
23.172
23.172
21.89
21.89
21.89
21.89
21.89
25.536
25.536
25.536
25.536
25.536
15.804
15.804
15.804
15.804
15.804
22.89
22.89
22.89
22.89
22.89
23.274
23.274
23.274
23.274
23.274
22.998
22.998
22.998
22.998
22.998
22.261
22.261
22.261
22.261
22.261
16.357
16.357
16.357
16.357
16.357
32.107
32.107
32.107
32.107
32.107
20.646
20.646
20.646
20.646
20.646
17.961
17.961
17.961
17.961
17.961
28.931
28.931
28.931
28.931
28.931
15.884
15.884
15.884
15.884
15.884
20.925
20.925
20.925
20.925
20.925
23.444
23.444
23.444
23.444
23.444
19.226
19.226
19.226
19.226
19.226
23.856
23.856
23.856
23.856
23.856
26.237
26.237
26.237
26.237
26.237
15.231
15.231
15.231
15.231
15.231
28.978
28.978
28.978
28.978
28.978
17.017
17.017
17.017
17.017
17.017
17.617
17.617
17.617
17.617
17.617
38.994
38.994
38.994
38.994
38.994
25.271
25.271
25.271
25.271
25.271
15.094
15.094
15.094
15.094
15.094
26.248
26.248
26.248
26.248
26.248
20.199
20.199
20.199
20.199
20.199
31.017
31.017
31.017
31.017
31.017
24.688
24.688
24.688
24.688
24.688
23.987
23.987
23.987
23.987
23.987
20.733
20.733
20.733
20.733
20.733
25.473
25.473
25.473
25.473
25.473
36.209
36.209
36.209
36.209
36.209
20.705
20.705
20.705
20.705
20.705
23.817
23.817
23.817
23.817
23.817
19.156
19.156
19.156
19.156
19.156
20.512
20.512
20.512
20.512
20.512
18.678
18.678
18.678
18.678
18.678
22.667
22.667
22.667
22.667
22.667
22.391
22.391
22.391
22.391
22.391
15.5
15.5
15.5
15.5
15.5
19.409
19.409
19.409
19.409
19.409
22.434
22.434
22.434
22.434
22.434
19.583
19.583
19.583
19.583
19.583
21.679
21.679
21.679
21.679
21.679
22.527
22.527
22.527
22.527
22.527
21.126
21.126
21.126
21.126
21.126
21.064
21.064
21.064
21.064
21.064
20.92
20.92
20.92
20.92
20.92
24.324
24.324
24.324
24.324
24.324
12.11
12.11
12.11
12.11
12.11
21.044
21.044
21.044
21.044
21.044
17.471
17.471
17.471
17.471
17.471
21.86
21.86
21.86
21.86
21.86
23.299
23.299
23.299
23.299
23.299
21.475
