1364
69
72
89
66
64
61
91
66
75
85
75
82
64
65
101
74
109
84
77
157
96
74
59
71
79
128
63
60
65
73
110
76
99
70
72
85
78
61
72
113
104
92
85
81
69
56
66
105
94
90
104
58
74
100
61
85
64
81
63
69
71
66
60
73
66
80
93
90
72
105
66
69
89
78
84
59
92
81
81
64
128
59
84
110
59
82
116
66
61
61
60
82
85
68
84
75
69
57
126
82
93
104
71
74
77
65
90
78
90
77
75
65
82
66
80
66
75
60
73
63
116
93
61
80
58
144
107
70
78
82
69
60
94
56
111
66
74
62
80
82
75
90
103
89
77
69
93
83
62
96
73
82
94
73
67
69
59
84
62
71
90
113
57
74
64
90
79
94
68
66
75
68
70
84
62
69
127
56
60
61
63
65
77
89
68
59
64
90
69
61
55
79
78
74
69
89
113
62
60
