0.0
0.0
0.0
0.0
0.0
60.263
60.263
60.263
60.263
60.263
31.638
31.638
31.638
31.638
31.638
36.635
36.635
36.635
36.635
36.635
15.118
15.118
15.118
15.118
15.118
27.741
27.741
27.741
27.741
27.741
22.328
22.328
22.328
22.328
22.328
24.273
24.273
24.273
24.273
24.273
25.31
25.31
25.31
25.31
25.31
26.805
26.805
26.805
26.805
26.805
29.523
29.523
29.523
29.523
29.523
19.928
19.928
19.928
19.928
19.928
20.54
20.54
20.54
20.54
20.54
22.633
22.633
22.633
22.633
22.633
23.635
23.635
23.635
23.635
23.635
15.865
15.865
15.865
15.865
15.865
33.893
33.893
33.893
33.893
33.893
29.871
29.871
29.871
29.871
29.871
11.694
11.694
11.694
11.694
11.694
24.124
24.124
24.124
24.124
24.124
17.802
17.802
17.802
17.802
17.802
27.465
27.465
27.465
27.465
27.465
18.772
18.772
18.772
18.772
18.772
18.276
18.276
18.276
18.276
18.276
20.701
20.701
20.701
20.701
20.701
16.616
16.616
16.616
16.616
16.616
21.123
21.123
21.123
21.123
21.123
18.401
18.401
18.401
18.401
18.401
31.507
31.507
31.507
31.507
31.507
22.331
22.331
22.331
22.331
22.331
19.793
19.793
19.793
19.793
19.793
15.112
15.112
15.112
15.112
15.112
17.253
17.253
17.253
17.253
17.253
24.274
24.274
24.274
24.274
24.274
13.789
13.789
13.789
13.789
13.789
19.554
19.554
19.554
19.554
19.554
18.976
18.976
18.976
18.976
18.976
28.284
28.284
28.284
28.284
28.284
11.316
11.316
11.316
11.316
11.316
14.384
14.384
14.384
14.384
14.384
17.161
17.161
17.161
17.161
17.161
17.281
17.281
17.281
17.281
17.281
13.194
13.194
13.194
13.194
13.194
20.048
20.048
20.048
20.048
20.048
11.675
11.675
11.675
11.675
11.675
16.835
16.835
16.835
16.835
16.835
21.433
21.433
21.433
21.433
21.433
18.524
18.524
18.524
18.524
18.524
17.44
17.44
17.44
17.44
17.44
9.225
9.225
9.225
9.225
9.225
21.263
21.263
21.263
21.263
21.263
16.078
16.078
16.078
16.078
16.078
16.681
16.681
16.681
16.681
16.681
13.454
13.454
13.454
13.454
13.454
21.256
21.256
21.256
21.256
21.256
17.759
17.759
17.759
17.759
17.759
13.361
13.361
13.361
13.361
13.361
17.002
17.002
17.002
17.002
17.002
18.434
18.434
18.434
18.434
18.434
25.107
25.107
25.107
25.107
25.107
23.522
23.522
23.522
23.522
23.522
10.385
10.385
10.385
10.385
10.385
22.187
22.187
22.187
22.187
22.187
16.072
16.072
16.072
16.072
16.072
17.117
17.117
17.117
17.117
17.117
16.074
16.074
16.074
16.074
16.074
23.106
23.106
23.106
23.106
23.106
28.909
28.909
28.909
28.909
28.909
18.367
18.367
18.367
18.367
18.367
11.027
11.027
11.027
11.027
11.027
22.939
22.939
22.939
22.939
22.939
17.116
17.116
17.116
17.116
17.116
20.859
20.859
20.859
20.859
20.859
23.408
23.408
23.408
23.408
23.408
18.807
18.807
18.807
18.807
18.807
18.973
18.973
18.973
18.973
18.973
23.404
23.404
23.404
23.404
23.404
27.414
27.414
27.414
27.414
27.414
19.418
19.418
19.418
19.418
19.418
14.981
14.981
14.981
14.981
14.981
36.425
36.425
36.425
36.425
