3033
92
106
3426
123
72
92
75
96
122
131
104
96
79
102
91
106
108
68
110
86
113
101
81
98
77
116
73
66
99
103
73
83
74
104
81
74
75
99
68
69
80
96
80
81
69
104
72
69
57
92
77
102
75
66
90
106
86
82
60
72
90
128
117
84
85
84
65
92
79
85
95
77
84
67
68
62
65
89
82
82
65
75
67
102
62
68
71
111
56
66
84
68
105
81
83
90
74
85
64
84
69
59
67
72
58
68
81
77
85
102
65
66
127
78
75
68
93
100
88
88
79
69
75
72
75
70
81
84
79
106
72
62
56
69
59
65
65
59
97
74
63
73
94
100
118
66
58
84
70
102
73
81
69
93
63
102
81
74
146
108
138
110
85
64
66
89
58
145
65
87
81
73
91
64
59
63
55
77
78
70
62
85
65
88
66
49
70
71
71
110
118
92
60
68
64
76
73
65
104
82
64
98
81
78
58
98
56
81
89
113
85
77
127
96
69
75
73
92
97
192
124
106
74
64
130
83
64
89
91
65
88
84
58
72
65
100
72
81
73
119
61
101
63
90
85
65
55
62
60
114
55
120
56
72
77
62
83
80
56
87
72
86
55
59
74
60
99
125
96
83
119
129
153
60
89
74
70
109
75
58
80
61
63
97
95
75
76
65
68
91
61
54
66
74
65
91
94
83
91
110
115
74
58
65
57
63
78
57
104
69
90
97
63
71
94
61
78
69
68
73
81
86
66
98
57
78
67
122
82
101
71
75
61
85
72
69
101
144
107
81
55
67
66
58
70
60
60
81
67
71
74
73
101
52
85
58
54
63
112
48
71
57
77
62
61
91
70
86
74
82
90
60
76
93
90
67
78
108
66
80
96
90
94
128
129
70
66
75
80
70
87
107
115
85
89
89
