0.0
0.0
0.0
0.0
0.0
58.765
58.765
58.765
58.765
58.765
26.698
26.698
26.698
26.698
26.698
20.795
20.795
20.795
20.795
20.795
21.291
21.291
21.291
21.291
21.291
25.612
25.612
25.612
25.612
25.612
19.629
19.629
19.629
19.629
19.629
35.023
35.023
35.023
35.023
35.023
26.093
26.093
26.093
26.093
26.093
50.636
50.636
50.636
50.636
50.636
22.408
22.408
22.408
22.408
22.408
28.304
28.304
28.304
28.304
28.304
15.487
15.487
15.487
15.487
15.487
37.75
37.75
37.75
37.75
37.75
29.071
29.071
29.071
29.071
29.071
23.537
23.537
23.537
23.537
23.537
27.695
27.695
27.695
