0.0
0.0
0.0
0.0
0.0
62.003
62.003
62.003
62.003
62.003
32.473
32.473
32.473
32.473
32.473
23.653
23.653
23.653
23.653
23.653
30.407
30.407
30.407
30.407
30.407
23.125
23.125
23.125
23.125
23.125
26.359
26.359
26.359
26.359
26.359
23.626
23.626
23.626
23.626
23.626
26.483
26.483
26.483
26.483
26.483
25.445
25.445
25.445
25.445
25.445
36.753
36.753
36.753
36.753
36.753
34.041
34.041
34.041
34.041
34.041
30.812
30.812
30.812
30.812
30.812
32.934
32.934
32.934
32.934
32.934
30.21
30.21
30.21
30.21
30.21
26.088
26.088
26.088
26.088
26.088
29.986
29.986
29.986
29.986
29.986
29.592
29.592
29.592
29.592
29.592
23.609
23.609
23.609
23.609
23.609
24.748
24.748
24.748
24.748
24.748
23.397
23.397
23.397
23.397
23.397
23.774
23.774
23.774
23.774
23.774
17.401
17.401
17.401
17.401
17.401
17.667
17.667
17.667
17.667
17.667
32.033
32.033
32.033
32.033
32.033
19.17
19.17
19.17
19.17
19.17
20.625
20.625
20.625
20.625
20.625
22.484
22.484
22.484
22.484
22.484
19.066
19.066
19.066
19.066
19.066
19.995
19.995
19.995
19.995
19.995
24.813
24.813
24.813
24.813
24.813
19.86
19.86
19.86
19.86
19.86
22.387
22.387
22.387
22.387
22.387
25.145
25.145
25.145
25.145
25.145
18.275
18.275
18.275
18.275
18.275
23.66
23.66
23.66
23.66
23.66
26.829
26.829
26.829
26.829
26.829
21.404
21.404
21.404
21.404
21.404
20.437
20.437
20.437
20.437
20.437
19.146
19.146
19.146
19.146
19.146
43.268
43.268
43.268
43.268
43.268
21.465
21.465
21.465
21.465
21.465
24.474
24.474
24.474
24.474
24.474
17.454
17.454
17.454
17.454
17.454
21.681
21.681
21.681
21.681
21.681
20.038
20.038
20.038
20.038
20.038
21.107
21.107
21.107
21.107
21.107
19.999
19.999
19.999
19.999
19.999
21.839
21.839
21.839
21.839
21.839
17.724
17.724
