1532
108
116
80
82
2374
82
94
62
71
71
73
54
78
67
707
116
61
67
67
59
79
59
75
67
60
886
104
68
77
54
75
102
78
54
69
62
65
79
92
59
76
62
81
68
94
78
67
69
112
75
79
64
61
75
60
69
64
93
75
86
60
70
63
71
95
76
103
59
135
71
87
56
97
62
59
67
78
67
60
62
75
78
64
93
86
70
69
76
67
58
62
86
64
76
94
61
59
55
62
77
88
68
66
53
73
60
58
71
65
108
59
61
55
74
56
87
65
51
56
71
88
106
139
57
66
63
69
54
74
74
64
69
71
70
55
67
65
63
73
55
73
54
92
58
54
63
76
57
67
56
77
89
71
62
69
77
58
74
86
65
60
60
55
55
58
62
66
58
62
65
113
58
51
54
80
75
81
69
79
66
50
84
65
99
59
57
72
67
80
92
56
62
72
70
