0.0
0.0
0.0
0.0
0.0
56.172
56.172
56.172
56.172
56.172
28.445
28.445
28.445
28.445
28.445
17.252
17.252
17.252
17.252
17.252
25.291
25.291
25.291
25.291
25.291
19.702
19.702
19.702
19.702
19.702
33.015
33.015
33.015
33.015
33.015
26.746
26.746
26.746
26.746
26.746
18.356
18.356
18.356
18.356
18.356
25.722
25.722
25.722
25.722
25.722
21.089
21.089
21.089
21.089
21.089
24.185
24.185
24.185
24.185
24.185
21.055
21.055
21.055
21.055
21.055
16.323
16.323
16.323
16.323
16.323
19.13
19.13
19.13
19.13
19.13
27.116
27.116
27.116
27.116
27.116
20.752
20.752
20.752
20.752
20.752
24.403
24.403
24.403
24.403
24.403
19.598
19.598
19.598
19.598
19.598
21.63
21.63
21.63
21.63
21.63
25.198
25.198
25.198
25.198
25.198
19.567
19.567
19.567
19.567
19.567
22.983
22.983
22.983
22.983
22.983
19.383
19.383
19.383
19.383
19.383
19.604
19.604
19.604
19.604
19.604
20.428
20.428
20.428
20.428
20.428
13.402
13.402
13.402
13.402
13.402
22.386
22.386
22.386
22.386
22.386
18.973
18.973
18.973
18.973
18.973
22.557
22.557
22.557
22.557
22.557
20.726
20.726
20.726
20.726
20.726
23.843
23.843
23.843
23.843
23.843
17.849
17.849
17.849
17.849
17.849
22.91
22.91
22.91
22.91
94.741
94.741
94.741
94.741
94.741
32.601
32.601
32.601
32.601
32.601
26.091
26.091
26.091
26.091
26.091
23.268
23.268
23.268
23.268
23.268
21.877
21.877
21.877
21.877
21.877
14.84
14.84
14.84
14.84
14.84
20.375
20.375
20.375
20.375
20.375
17.283
17.283
17.283
17.283
17.283
18.221
18.221
18.221
18.221
18.221
31.374
31.374
31.374
31.374
31.374
17.47
17.47
17.47
17.47
17.47
14.377
14.377
14.377
14.377
14.377
21.751
21.751
21.751
21.751
21.751
16.127
16.127
16.127
16.127
16.127
20.862
20.862
20.862
20.862
20.862
19.534
19.534
19.534
19.534
19.534
20.165
20.165
20.165
20.165
20.165
22.571
22.571
22.571
22.571
22.571
19.204
19.204
19.204
19.204
19.204
22.082
22.082
22.082
22.082
22.082
23.733
23.733
23.733
23.733
23.733
24.885
24.885
24.885
24.885
24.885
19.479
19.479
19.479
19.479
19.479
17.642
17.642
17.642
17.642
17.642
23.239
23.239
23.239
23.239
23.239
20.027
20.027
20.027
20.027
20.027
20.335
20.335
20.335
20.335
20.335
18.8
18.8
18.8
18.8
18.8
26.241
26.241
26.241
26.241
26.241
20.375
20.375
20.375
20.375
20.375
14.147
14.147
14.147
14.147
14.147
21.067
21.067
21.067
21.067
21.067
20.259
20.259
20.259
20.259
20.259
21.075
21.075
21.075
21.075
21.075
19.755
19.755
19.755
19.755
19.755
13.824
13.824
13.824
13.824
13.824
17.871
17.871
17.871
17.871
17.871
15.937
15.937
15.937
15.937
15.937
21.828
21.828
21.828
21.828
21.828
24.635
24.635
24.635
24.635
24.635
25.993
25.993
25.993
25.993
25.993
20.589
20.589
20.589
20.589
20.589
18.411
18.411
18.411
18.411
18.411
15.3
15.3
15.3
15.3
15.3
21.149
21.149
21.149
21.149
21.149
16.112
16.112
16.112
16.112
16.112
23.839
23.839
23.839
23.839
23.839
22.559
22.559
22.559
22.559
22.559
27.531
27.531
27.531
27.531
27.531
28.071
28.071
28.071
28.071
28.071
28.124
28.124
28.124
28.124
28.124
30.666
30.666
30.666
30.666
30.666
16.915
16.915
16.915
16.915
16.915
17.843
17.843
17.843
17.843
17.843
16.331
16.331
16.331
16.331
16.331
26.039
26.039
26.039
26.039
26.039
22.397
22.397
22.397
22.397
22.397
40.154
40.154
40.154
40.154
40.154
20.206
20.206
20.206
20.206
20.206
17.211
17.211
17.211
17.211
17.211
18.497
18.497
18.497
18.497
18.497
19.643
19.643
19.643
19.643
19.643
20.698
20.698
20.698
20.698
20.698
18.618
18.618
18.618
18.618
18.618
22.366
22.366
22.366
22.366
22.366
14.915
14.915
14.915
14.915
14.915
22.004
22.004
22.004
22.004
22.004
17.645
17.645
17.645
17.645
17.645
20.697
20.697
20.697
20.697
20.697
22.433
22.433
22.433
22.433
22.433
28.793
28.793
28.793
28.793
28.793
20.36
20.36
20.36
20.36
20.36
19.272
19.272
19.272
19.272
19.272
17.134
17.134
17.134
17.134
17.134
15.855
15.855
15.855
15.855
15.855
29.651
29.651
29.651
29.651
29.651
32.736
32.736
32.736
32.736
32.736
29.047
29.047
29.047
29.047
29.047
17.081
17.081
17.081
17.081
17.081
19.45
19.45
19.45
19.45
19.45
18.428
18.428
18.428
18.428
18.428
19.999
19.999
19.999
19.999
19.999
17.062
17.062
17.062
17.062
17.062
74.696
74.696
74.696
74.696
74.696
31.912
31.912
31.912
31.912
31.912
18.744
18.744
18.744
18.744
18.744
24.002
24.002
24.002
24.002
24.002
16.915
16.915
16.915
16.915
16.915
20.3
20.3
20.3
20.3
20.3
26.214
26.214
26.214
26.214
26.214
20.813
20.813
20.813
20.813
20.813
26.767
26.767
26.767
26.767
