1378
93
115
88
76
70
93
64
76
66
117
120
96
62
84
92
69
78
71
105
166
65
83
96
120
66
110
62
78
114
79
78
86
78
86
76
73
79
77
97
92
96
81
76
80
113
72
76
63
132
69
87
73
97
72
75
54
87
67
68
61
75
59
68
91
74
69
68
50
67
95
94
81
63
128
83
81
134
64
91
74
101
89
76
84
77
89
57
82
62
79
69
67
77
68
64
90
81
137
96
80
78
78
96
91
105
58
115
71
93
65
70
93
94
95
61
92
103
73
76
72
76
83
93
60
77
72
123
78
102
72
82
106
59
71
100
92
74
69
72
78
68
73
107
76
79
82
61
88
85
85
80
65
60
90
115
66
64
80
57
66
66
149
70
68
61
77
105
83
91
65
55
63
97
62
61
69
80
86
113
70
72
70
79
72
78
100
62
83
98
81
61
78
66
70
61
60
94
77
92
88
87
67
67
69
77
124
72
82
98
97
89
104
66
109
68
138
91
100
59
108
80
96
87
68
65
80
73
64
67
74
68
94
72
79
83
83
65
92
68
66
82
58
84
67
87
65
95
89
110
88
91
75
59
71
177
67
91
94
77
88
88
84
65
111
70
89
105
74
98
83
84
86
64
87
68
84
65
119
62
64
62
61
81
68
78
82
71
101
61
78
87
101
63
77
67
118
75
60
108
87
56
86
69
81
57
69
65
61
56
95
71
122
122
76
60
67
75
82
73
117
72
80
79
76
77
81
65
68
117
59
65
70
101
78
66
93
107
67
78
59
113
103
60
99
75
74
67
65
99
68
113
95
71
105
137
72
74
88
61
75
78
98
97
78
93
59
78
67
63
87
100
82
90
60
66
91
73
99
90
73
71
64
73
82
67
63
67
85
62
67
69
73
70
82
87
104
103
74
82
