0.0
0.0
0.0
0.0
0.0
83.455
83.455
83.455
83.455
83.455
53.831
53.831
53.831
53.831
53.831
57.832
57.832
57.832
57.832
57.832
48.317
48.317
48.317
48.317
48.317
26.273
26.273
26.273
26.273
26.273
29.133
29.133
29.133
29.133
29.133
31.033
31.033
31.033
31.033
31.033
33.341
33.341
33.341
33.341
33.341
30.668
30.668
30.668
30.668
30.668
31.482
31.482
31.482
31.482
31.482
25.343
25.343
25.343
25.343
25.343
36.124
36.124
36.124
36.124
36.124
32.815
32.815
32.815
32.815
32.815
31.125
31.125
31.125
31.125
31.125
35.289
35.289
35.289
35.289
35.289
29.104
29.104
29.104
29.104
29.104
26.565
26.565
26.565
26.565
26.565
27.132
27.132
27.132
27.132
27.132
25.818
25.818
25.818
25.818
25.818
26.408
26.408
26.408
26.408
26.408
32.552
32.552
32.552
32.552
32.552
26.697
26.697
26.697
26.697
26.697
27.408
27.408
27.408
27.408
27.408
35.147
35.147
35.147
35.147
35.147
22.105
22.105
22.105
22.105
22.105
24.678
24.678
24.678
24.678
24.678
34.526
34.526
34.526
34.526
34.526
25.928
25.928
25.928
25.928
25.928
28.319
28.319
28.319
28.319
28.319
25.863
25.863
25.863
25.863
25.863
25.387
25.387
25.387
25.387
25.387
23.843
23.843
23.843
23.843
23.843
29.009
29.009
29.009
29.009
29.009
29.555
29.555
29.555
29.555
29.555
34.67
34.67
34.67
34.67
34.67
24.775
24.775
24.775
24.775
24.775
28.272
28.272
28.272
28.272
28.272
27.572
27.572
27.572
27.572
27.572
30.109
30.109
30.109
30.109
30.109
28.922
28.922
28.922
28.922
28.922
28.127
28.127
28.127
28.127
28.127
39.986
39.986
39.986
39.986
39.986
33.712
33.712
33.712
33.712
33.712
26.86
26.86
26.86
26.86
26.86
20.525
20.525
20.525
20.525
20.525
24.766
24.766
24.766
24.766
24.766
28.898
28.898
28.898
28.898
28.898
26.609
26.609
26.609
26.609
26.609
27.051
27.051
27.051
27.051
27.051
41.061
41.061
41.061
41.061
41.061
30.983
30.983
30.983
30.983
30.983
36.417
36.417
36.417
36.417
36.417
33.394
33.394
33.394
33.394
33.394
19.722
19.722
19.722
19.722
19.722
27.775
27.775
27.775
27.775
27.775
37.714
37.714
37.714
37.714
37.714
25.022
25.022
25.022
25.022
25.022
32.89
32.89
32.89
32.89
32.89
27.49
27.49
27.49
27.49
27.49
34.562
34.562
34.562
34.562
34.562
29.201
29.201
29.201
29.201
29.201
20.075
