1300
1300
136
165
74
99
111
103
70
58
58
75
89
84
81
86
68
96
74
93
65
69
90
148
85
78
68
121
72
78
62
80
60
69
65
79
73
108
85
75
53
62
63
76
56
59
94
103
64
60
70
167
63
76
70
74
68
53
59
73
97
74
105
63
109
57
78
64
71
64
61
66
88
83
93
77
70
67
81
82
85
55
86
57
63
58
96
59
64
54
79
101
89
65
116
102
64
81
60
48
69
92
55
90
70
63
88
68
52
53
65
66
58
71
57
65
64
66
55
91
56
75
52
90
71
53
61
92
58
88
67
58
123
76
61
70
68
74
66
74
62
57
79
66
57
71
97
67
68
60
70
70
87
68
75
59
68
75
70
79
147
63
56
56
64
68
78
82
66
81
80
59
112
70
79
57
51
50
56
66
64
69
81
69
57
47
51
118
122
57
64
93
90
49
53
67
78
73
64
68
77
55
73
57
105
79
53
50
75
55
54
62
83
67
73
60
57
50
69
55
46
54
62
48
54
59
84
52
101
53
67
61
86
64
59
68
60
52
86
62
59
56
56
65
101
72
51
78
78
141
107
71
146
73
52
79
89
61
80
59
79
104
75
65
66
78
101
51
58
106
79
65
48
75
95
73
81
70
71
68
68
78
80
59
68
69
65
65
78
63
60
56
71
56
67
82
92
82
89
67
64
70
91
83
71
50
82
78
56
64
69
48
54
79
107
50
65
77
65
61
76
80
119
65
156
103
60
63
79
74
63
55
91
79
48
88
75
111
62
73
62
93
73
79
94
54
75
80
72
57
70
56
60
86
53
63
89
65
59
64
73
61
68
57
77
69
66
53
87
83
84
59
78
95
74
57
66
62
62
66
58
51
74
60
75
88
78
83
75
52
99
69
78
62
68
69
80
119
61
82
