0.0
0.0
0.0
0.0
0.0
27.049
27.049
27.049
27.049
27.049
34.128
34.128
34.128
34.128
34.128
42.044
42.044
42.044
42.044
42.044
28.425
28.425
28.425
28.425
28.425
45.28
45.28
45.28
45.28
45.28
61.244
61.244
61.244
61.244
61.244
27.227
27.227
27.227
27.227
27.227
20.485
20.485
20.485
20.485
20.485
11.569
11.569
11.569
11.569
11.569
12.773
12.773
12.773
12.773
12.773
27.191
27.191
27.191
27.191
27.191
40.716
40.716
40.716
40.716
40.716
26.806
26.806
26.806
26.806
26.806
15.081
15.081
15.081
15.081
15.081
13.366
13.366
13.366
13.366
13.366
20.485
20.485
20.485
20.485
20.485
16.46
16.46
16.46
16.46
16.46
15.523
15.523
15.523
15.523
15.523
31.736
31.736
31.736
31.736
31.736
28.281
28.281
28.281
28.281
28.281
23.819
23.819
23.819
23.819
23.819
37.558
37.558
37.558
37.558
37.558
27.379
27.379
27.379
27.379
27.379
35.638
35.638
35.638
35.638
35.638
26.753
26.753
26.753
26.753
26.753
43.322
43.322
43.322
43.322
43.322
22.792
22.792
22.792
22.792
22.792
27.524
27.524
27.524
27.524
27.524
28.279
28.279
28.279
28.279
28.279
25.085
25.085
25.085
25.085
25.085
42.241
42.241
42.241
42.241
42.241
26.614
26.614
26.614
26.614
26.614
37.317
37.317
37.317
37.317
37.317
31.468
31.468
31.468
31.468
31.468
28.908
28.908
28.908
28.908
28.908
35.137
35.137
35.137
35.137
35.137
31.199
31.199
31.199
31.199
31.199
26.282
26.282
26.282
26.282
26.282
35.952
35.952
35.952
35.952
35.952
32.361
32.361
32.361
32.361
32.361
30.353
30.353
30.353
30.353
30.353
21.732
21.732
21.732
21.732
21.732
26.607
26.607
26.607
26.607
26.607
32.992
32.992
32.992
32.992
32.992
28.979
28.979
28.979
28.979
28.979
20.046
20.046
20.046
20.046
20.046
22.644
22.644
22.644
22.644
22.644
15.678
15.678
15.678
15.678
15.678
11.498
11.498
11.498
11.498
11.498
13.8
13.8
13.8
13.8
13.8
7.36
7.36
7.36
7.36
7.36
16.458
16.458
16.458
16.458
16.458
12.567
12.567
12.567
12.567
12.567
24.296
24.296
24.296
24.296
24.296
8.496
8.496
8.496
8.496
8.496
14.659
14.659
14.659
14.659
14.659
43.758
43.758
43.758
43.758
43.758
28.0
28.0
28.0
28.0
28.0
23.407
23.407
23.407
23.407
23.407
31.248
31.248
31.248
31.248
31.248
24.314
24.314
24.314
24.314
24.314
29.186
29.186
29.186
29.186
29.186
31.968
31.968
31.968
31.968
31.968
22.015
22.015
22.015
22.015
22.015
9.32
9.32
9.32
9.32
9.32
13.706
13.706
13.706
13.706
13.706
8.905
8.905
8.905
8.905
8.905
31.068
31.068
31.068
31.068
31.068
12.51
12.51
12.51
12.51
12.51
12.764
12.764
12.764
12.764
12.764
18.656
18.656
18.656
18.656
18.656
20.493
20.493
20.493
20.493
20.493
10.273
10.273
10.273
10.273
10.273
14.047
14.047
14.047
14.047
14.047
7.951
7.951
7.951
7.951
7.951
25.282
25.282
25.282
25.282
25.282
27.895
27.895
27.895
27.895
27.895
60.328
60.328
60.328
60.328
60.328
58.118
58.118
58.118
58.118
58.118
33.423
33.423
33.423
33.423
33.423
29.54
29.54
29.54
29.54
29.54
38.07
38.07
38.07
38.07
38.07
27.518
27.518
27.518
27.518
27.518
38.007
38.007
38.007
38.007
38.007
41.225
41.225
41.225
41.225
41.225
32.095
32.095
32.095
32.095
32.095
33.036
33.036
33.036
33.036
33.036
21.261
21.261
21.261
21.261
21.261
24.374
24.374
24.374
24.374
24.374
42.129
42.129
42.129
42.129
42.129
23.412
23.412
23.412
23.412
23.412
25.841
25.841
25.841
25.841
25.841
22.942
22.942
22.942
22.942
22.942
25.85
25.85
25.85
25.85
25.85
35.661
35.661
35.661
35.661
35.661
31.832
31.832
31.832
31.832
31.832
33.236
33.236
33.236
33.236
33.236
25.376
25.376
25.376
25.376
25.376
21.567
21.567
21.567
21.567
21.567
30.572
30.572
30.572
30.572
30.572
28.348
28.348
