4221
236
241
207
154
140
335
201
93
127
169
93
158
96
96
307
85
79
149
111
95
115
114
188
154
124
87
132
87
90
83
83
117
85
81
86
86
94
82
67
69
94
130
168
120
110
95
76
114
106
92
108
110
117
104
81
78
119
108
83
153
127
129
98
154
218
144
150
90
124
120
96
194
167
113
111
232
76
82
91
66
97
125
109
141
79
83
102
112
95
76
158
102
159
128
79
105
99
92
102
157
87
107
92
76
108
89
101
87
95
96
110
79
169
86
85
100
85
75
70
100
109
79
88
92
148
108
112
147
73
130
146
107
100
111
88
170
69
70
89
84
78
115
135
70
119
74
83
72
98
126
107
94
148
113
78
78
152
105
119
161
84
69
90
104
132
107
99
76
118
88
99
96
76
110
124
92
103
74
58
121
70
85
123
69
83
116
78
116
155
85
122
187
75
78
93
95
173
76
105
100
61
60
60
79
189
84
88
73
127
128
79
209
70
76
69
79
144
70
134
119
115
92
160
99
68
124
81
99
81
80
95
182
133
81
97
114
76
117
91
109
93
108
105
122
149
226
71
128
92
83
187
73
90
70
93
97
68
143
81
123
96
134
80
95
97
147
63
138
141
71
213
127
83
95
72
172
138
62
79
68
74
94
122
75
97
82
62
182
59
77
75
101
109
78
109
75
103
86
82
108
112
73
91
85
100
68
90
125
115
57
143
105
74
127
89
88
72
75
189
132
77
146
80
66
68
73
78
106
97
123
73
125
86
131
78
96
77
85
71
89
117
143
86
125
73
65
81
139
141
90
131
104
293
87
79
108
102
113
100
73
120
132
109
118
102
74
85
69
75
111
87
104
75
102
80
63
94
94
141
74
122
141
76
88
71
84
97
66
78
94
85
123
71
77
98
143
94
99
68
