0.0
0.0
0.0
0.0
0.0
20.066
20.066
20.066
20.066
20.066
25.63
25.63
25.63
25.63
25.63
33.894
33.894
33.894
33.894
33.894
30.755
30.755
30.755
30.755
30.755
19.182
19.182
19.182
19.182
19.182
28.497
28.497
28.497
28.497
28.497
15.924
15.924
15.924
15.924
15.924
19.927
19.927
19.927
19.927
19.927
14.197
14.197
14.197
14.197
14.197
17.96
17.96
17.96
17.96
17.96
17.368
17.368
17.368
17.368
17.368
20.83
20.83
20.83
20.83
20.83
27.882
27.882
27.882
27.882
27.882
34.52
34.52
34.52
34.52
34.52
42.05
42.05
42.05
42.05
42.05
40.618
40.618
40.618
40.618
40.618
23.231
23.231
23.231
23.231
23.231
16.776
16.776
16.776
16.776
16.776
20.387
20.387
20.387
20.387
20.387
17.093
17.093
17.093
17.093
17.093
24.879
24.879
24.879
24.879
24.879
25.775
25.775
25.775
25.775
25.775
19.928
19.928
19.928
19.928
19.928
29.779
29.779
29.779
29.779
29.779
17.362
17.362
17.362
17.362
17.362
33.014
33.014
33.014
33.014
33.014
20.22
20.22
20.22
20.22
20.22
29.867
29.867
29.867
29.867
29.867
18.277
18.277
18.277
18.277
18.277
15.239
15.239
15.239
15.239
15.239
21.277
21.277
21.277
21.277
21.277
13.324
13.324
13.324
13.324
13.324
16.036
16.036
16.036
16.036
16.036
11.929
11.929
11.929
11.929
11.929
27.123
27.123
27.123
27.123
27.123
15.15
15.15
15.15
15.15
15.15
18.65
18.65
18.65
18.65
18.65
18.204
18.204
18.204
18.204
18.204
19.577
19.577
19.577
19.577
19.577
12.46
12.46
12.46
12.46
12.46
15.146
15.146
15.146
15.146
15.146
19.128
19.128
19.128
19.128
19.128
14.773
14.773
14.773
14.773
14.773
17.925
17.925
17.925
17.925
17.925
17.183
17.183
17.183
17.183
17.183
21.108
21.108
21.108
21.108
