3236
129
175
138
159
111
113
113
131
75
75
92
89
79
197
123
84
129
94
143
82
141
121
104
86
94
73
80
66
129
95
151
79
157
87
77
148
83
80
123
83
172
74
90
66
73
108
128
90
102
55
61
132
79
105
178
106
89
82
117
182
99
151
123
103
109
64
68
97
101
140
111
71
63
71
85
65
70
65
98
79
82
66
99
81
122
76
114
65
93
85
72
134
75
131
73
81
80
64
65
74
80
72
70
84
108
65
95
64
138
104
109
69
206
69
71
79
89
87
88
73
71
67
84
65
72
102
69
85
60
121
74
93
67
84
93
85
112
89
161
112
132
71
85
82
64
67
118
69
97
85
67
88
79
76
92
151
109
96
89
91
74
75
77
94
111
70
79
78
79
64
126
85
123
71
69
124
83
100
126
71
69
99
72
92
136
83
133
68
61
92
73
73
93
85
104
118
66
123
71
