0.0
0.0
0.0
0.0
0.0
60.341
60.341
60.341
60.341
60.341
24.295
24.295
24.295
24.295
24.295
13.16
13.16
13.16
13.16
13.16
31.063
31.063
31.063
31.063
31.063
31.011
31.011
31.011
31.011
31.011
19.175
19.175
19.175
19.175
19.175
21.341
21.341
21.341
21.341
21.341
22.951
22.951
22.951
22.951
22.951
17.862
17.862
17.862
17.862
17.862
23.947
23.947
23.947
23.947
23.947
20.006
20.006
20.006
20.006
20.006
26.809
26.809
26.809
26.809
26.809
38.247
38.247
38.247
38.247
38.247
21.938
21.938
21.938
21.938
21.938
28.92
28.92
28.92
28.92
28.92
24.597
24.597
24.597
24.597
24.597
22.248
22.248
22.248
22.248
22.248
22.903
22.903
22.903
22.903
22.903
18.573
18.573
18.573
18.573
18.573
18.445
18.445
18.445
18.445
18.445
27.064
27.064
27.064
27.064
27.064
20.484
20.484
20.484
20.484
20.484
17.709
17.709
17.709
17.709
17.709
21.398
21.398
21.398
21.398
21.398
22.234
22.234
22.234
22.234
22.234
16.884
16.884
16.884
16.884
16.884
25.236
25.236
25.236
25.236
25.236
24.895
24.895
24.895
24.895
24.895
21.894
21.894
21.894
21.894
21.894
24.047
24.047
24.047
24.047
24.047
25.452
25.452
25.452
25.452
25.452
19.195
19.195
19.195
19.195
19.195
29.901
29.901
29.901
29.901
29.901
19.041
19.041
19.041
19.041
19.041
25.439
25.439
25.439
25.439
25.439
26.021
26.021
26.021
26.021
26.021
24.617
24.617
24.617
24.617
24.617
23.134
23.134
23.134
23.134
23.134
17.269
17.269
17.269
17.269
17.269
22.389
22.389
22.389
22.389
22.389
45.929
45.929
45.929
45.929
73.735
73.735
73.735
73.735
73.735
19.214
19.214
19.214
19.214
19.214
21.361
21.361
21.361
21.361
21.361
18.116
18.116
18.116
18.116
18.116
17.798
17.798
17.798
17.798
17.798
23.213
23.213
23.213
23.213
23.213
25.471
25.471
25.471
25.471
25.471
17.885
17.885
17.885
17.885
17.885
31.681
31.681
31.681
31.681
31.681
20.895
20.895
20.895
20.895
20.895
20.189
20.189
20.189
20.189
20.189
17.933
17.933
17.933
17.933
17.933
21.381
21.381
21.381
21.381
21.381
25.138
25.138
25.138
25.138
25.138
18.953
18.953
18.953
18.953
18.953
23.754
23.754
23.754
23.754
23.754
17.505
17.505
17.505
17.505
17.505
19.907
19.907
19.907
19.907
19.907
15.902
15.902
15.902
15.902
15.902
16.764
16.764
16.764
16.764
16.764
18.324
18.324
18.324
18.324
18.324
19.517
19.517
19.517
19.517
19.517
25.526
25.526
25.526
25.526
25.526
23.61
23.61
23.61
23.61
23.61
25.148
25.148
25.148
25.148
25.148
12.879
12.879
12.879
12.879
12.879
24.842
24.842
24.842
24.842
24.842
19.599
19.599
19.599
19.599
19.599
52.369
52.369
52.369
52.369
52.369
19.993
19.993
19.993
19.993
19.993
20.084
20.084
20.084
20.084
20.084
21.502
21.502
21.502
21.502
21.502
24.661
24.661
24.661
24.661
24.661
22.693
22.693
22.693
22.693
22.693
17.874
17.874
17.874
17.874
17.874
21.365
21.365
21.365
21.365
21.365
17.505
17.505
17.505
17.505
17.505
20.483
20.483
20.483
20.483
20.483
16.878
16.878
16.878
16.878
16.878
22.169
22.169
22.169
22.169
22.169
21.914
21.914
21.914
21.914
21.914
19.939
19.939
19.939
19.939
19.939
21.045
21.045
21.045
21.045
21.045
20.629
20.629
20.629
20.629
20.629
20.313
20.313
20.313
20.313
20.313
18.884
18.884
18.884
18.884
18.884
19.323
19.323
19.323
19.323
19.323
18.883
18.883
18.883
18.883
18.883
12.651
12.651
12.651
12.651
12.651
19.551
19.551
19.551
19.551
19.551
15.173
15.173
15.173
15.173
15.173
15.757
15.757
15.757
15.757
15.757
19.15
19.15
19.15
19.15
19.15
17.211
17.211
17.211
17.211
17.211
16.128
16.128
16.128
16.128
16.128
14.588
14.588
14.588
14.588
14.588
21.922
21.922
21.922
21.922
21.922
20.669
20.669
20.669
20.669
20.669
22.543
22.543
22.543
22.543
22.543
18.942
18.942
18.942
18.942
18.942
23.872
23.872
23.872
23.872
23.872
20.711
20.711
20.711
20.711
20.711
19.704
19.704
19.704
19.704
19.704
16.72
16.72
16.72
16.72
16.72
20.215
20.215
20.215
20.215
20.215
42.627
42.627
42.627
42.627
42.627
63.217
63.217
63.217
63.217
63.217
23.031
23.031
23.031
23.031
23.031
18.961
18.961
18.961
18.961
18.961
25.444
25.444
25.444
25.444
25.444
21.58
21.58
21.58
21.58
21.58
24.7
24.7
24.7
24.7
24.7
15.926
15.926
15.926
15.926
15.926
24.847
24.847
24.847
24.847
24.847
17.781
17.781
17.781
17.781
17.781
22.699
22.699
22.699
22.699
22.699
17.362
17.362
17.362
17.362
17.362
20.85
20.85
20.85
20.85
20.85
17.361
17.361
17.361
17.361
17.361
23.112
23.112
23.112
23.112
23.112
24.124
24.124
24.124
24.124
24.124
15.229
15.229
15.229
15.229
15.229
20.35
20.35
20.35
20.35
20.35
13.124
13.124
13.124
13.124
13.124
22.362
22.362
22.362
22.362
22.362
33.086
33.086
33.086
33.086
33.086
