1390
87
120
116
155
87
83
81
91
76
81
125
72
73
67
97
80
95
60
94
69
97
72
87
67
77
89
122
117
75
69
68
64
80
74
65
67
65
64
71
86
84
70
73
69
69
70
49
108
82
62
80
56
70
91
61
59
107
71
81
77
73
69
81
103
72
65
106
85
83
90
64
64
86
78
60
77
81
61
59
79
60
108
64
72
111
64
70
62
52
58
88
117
83
87
71
93
87
79
75
83
64
65
171
83
91
69
62
72
67
105
85
105
61
70
70
69
75
85
91
87
89
79
97
92
129
88
59
58
66
89
68
75
91
59
125
73
103
59
61
63
71
109
91
89
62
86
86
85
91
83
78
88
85
76
81
65
117
66
78
151
72
66
67
77
67
85
80
85
64
87
88
74
60
68
68
85
79
97
65
76
80
98
77
126
70
95
58
73
84
99
115
82
110
99
59
191
70
98
80
81
83
71
101
114
72
88
94
59
98
69
83
63
66
77
65
70
96
103
68
96
72
71
60
86
136
85
87
64
68
86
87
62
65
64
84
64
88
92
158
66
71
157
97
77
78
83
81
91
91
114
65
65
98
70
64
81
80
68
107
61
59
92
86
72
91
125
64
73
89
70
70
85
76
72
62
91
91
133
94
93
60
105
69
94
93
82
75
69
88
60
63
121
61
89
59
83
75
194
80
86
63
85
100
76
92
72
85
78
74
57
74
75
172
101
80
86
59
59
79
65
92
69
78
67
81
68
98
81
99
94
87
69
81
82
70
78
84
81
158
69
79
86
124
88
106
62
70
87
73
86
60
91
61
62
74
83
95
73
63
96
65
79
55
60
82
85
86
83
64
126
81
64
95
88
69
68
89
69
71
62
58
75
164
91
87
57
81
102
92
74
62
90
66
76
93
70
96
60
115
