0.0
0.0
0.0
0.0
0.0
80.047
80.047
80.047
80.047
80.047
48.955
48.955
48.955
48.955
48.955
22.653
22.653
22.653
22.653
22.653
26.039
26.039
26.039
26.039
26.039
34.655
34.655
34.655
34.655
34.655
29.635
29.635
29.635
29.635
29.635
20.648
20.648
20.648
20.648
20.648
26.867
26.867
26.867
26.867
26.867
31.204
31.204
31.204
31.204
31.204
31.119
31.119
31.119
31.119
31.119
28.94
28.94
28.94
28.94
28.94
21.96
21.96
21.96
21.96
21.96
26.119
26.119
26.119
26.119
26.119
44.411
44.411
44.411
44.411
44.411
31.994
31.994
31.994
31.994
31.994
36.422
36.422
36.422
36.422
36.422
