100.0
100.0
100.0
100.0
100.0
64.687
64.687
64.687
64.687
64.687
20.979
20.979
20.979
20.979
20.979
24.787
24.787
24.787
24.787
24.787
19.899
19.899
19.899
19.899
19.899
28.501
28.501
28.501
28.501
28.501
15.434
15.434
15.434
15.434
15.434
26.832
26.832
26.832
26.832
26.832
22.867
22.867
22.867
22.867
22.867
31.637
31.637
31.637
31.637
31.637
26.634
26.634
26.634
26.634
26.634
25.338
25.338
25.338
25.338
25.338
16.633
16.633
16.633
16.633
16.633
28.307
28.307
28.307
28.307
28.307
26.011
26.011
26.011
26.011
26.011
21.486
21.486
21.486
21.486
21.486
19.64
19.64
19.64
19.64
19.64
18.745
18.745
18.745
18.745
18.745
17.098
17.098
17.098
17.098
17.098
25.98
25.98
25.98
25.98
25.98
17.864
17.864
17.864
17.864
17.864
16.757
16.757
16.757
16.757
16.757
14.704
14.704
14.704
14.704
14.704
16.47
16.47
16.47
16.47
16.47
13.458
13.458
13.458
13.458
13.458
17.692
17.692
17.692
17.692
17.692
23.105
23.105
23.105
23.105
23.105
16.171
16.171
16.171
16.171
16.171
24.826
24.826
24.826
24.826
24.826
21.676
21.676
21.676
21.676
21.676
20.425
20.425
20.425
20.425
20.425
17.413
17.413
17.413
17.413
17.413
23.436
23.436
23.436
23.436
23.436
17.985
17.985
17.985
17.985
17.985
21.04
21.04
21.04
21.04
21.04
24.286
24.286
24.286
24.286
24.286
20.883
20.883
20.883
20.883
20.883
17.117
17.117
17.117
17.117
17.117
17.962
17.962
17.962
17.962
17.962
18.311
18.311
18.311
18.311
18.311
16.247
16.247
16.247
16.247
16.247
28.164
28.164
28.164
28.164
28.164
16.05
16.05
16.05
16.05
16.05
24.009
24.009
24.009
24.009
24.009
21.034
21.034
21.034
21.034
21.034
19.976
19.976
19.976
19.976
19.976
17.666
17.666
17.666
17.666
17.666
18.816
18.816
18.816
18.816
18.816
37.191
37.191
37.191
37.191
37.191
22.803
22.803
22.803
22.803
22.803
16.897
16.897
16.897
16.897
16.897
22.117
22.117
22.117
22.117
22.117
19.778
19.778
19.778
19.778
19.778
19.127
19.127
19.127
19.127
19.127
25.401
25.401
25.401
25.401
25.401
15.943
15.943
15.943
15.943
15.943
21.078
21.078
21.078
21.078
21.078
16.118
16.118
16.118
16.118
16.118
65.898
65.898
65.898
65.898
65.898
29.744
29.744
29.744
29.744
29.744
20.739
20.739
20.739
20.739
20.739
17.808
17.808
17.808
17.808
17.808
19.323
19.323
19.323
19.323
19.323
21.126
21.126
21.126
21.126
21.126
16.993
16.993
16.993
16.993
16.993
18.86
18.86
18.86
18.86
18.86
18.446
18.446
18.446
18.446
18.446
22.617
22.617
22.617
22.617
22.617
20.602
20.602
20.602
20.602
20.602
17.584
17.584
17.584
17.584
17.584
18.264
18.264
18.264
18.264
18.264
25.198
25.198
25.198
25.198
25.198
23.002
23.002
23.002
23.002
23.002
19.871
19.871
19.871
19.871
19.871
20.968
20.968
20.968
20.968
20.968
19.305
19.305
19.305
19.305
19.305
21.741
21.741
21.741
21.741
21.741
18.146
18.146
18.146
18.146
18.146
17.899
17.899
17.899
17.899
17.899
20.147
20.147
20.147
20.147
20.147
17.877
17.877
17.877
17.877
17.877
16.183
16.183
16.183
16.183
16.183
20.562
20.562
20.562
20.562
20.562
18.858
18.858
18.858
18.858
18.858
23.298
23.298
23.298
23.298
23.298
18.242
18.242
18.242
18.242
18.242
23.245
23.245
23.245
23.245
23.245
14.444
14.444
14.444
14.444
14.444
15.475
15.475
15.475
15.475
15.475
18.099
18.099
18.099
18.099
18.099
23.861
23.861
23.861
23.861
23.861
17.72
17.72
17.72
17.72
17.72
21.765
21.765
21.765
21.765
21.765
22.087
22.087
22.087
22.087
22.087
22.472
22.472
22.472
22.472
22.472
21.037
21.037
21.037
21.037
21.037
20.837
20.837
20.837
20.837
20.837
15.094
15.094
15.094
15.094
15.094
18.349
18.349
18.349
18.349
18.349
24.013
24.013
24.013
24.013
24.013
17.705
17.705
17.705
17.705
17.705
25.544
25.544
25.544
25.544
25.544
18.486
18.486
18.486
18.486
18.486
21.409
21.409
21.409
21.409
21.409
20.777
20.777
20.777
20.777
20.777
39.167
39.167
39.167
39.167
39.167
17.388
17.388
17.388
17.388
17.388
21.087
21.087
21.087
21.087
21.087
17.3
17.3
17.3
17.3
17.3
20.632
20.632
20.632
20.632
20.632
25.598
25.598
25.598
25.598
25.598
21.214
21.214
21.214
21.214
21.214
22.793
22.793
22.793
22.793
22.793
24.842
24.842
24.842
24.842
24.842
18.882
18.882
18.882
18.882
18.882
22.307
22.307
22.307
22.307
22.307
23.697
23.697
23.697
23.697
23.697
22.1
22.1
22.1
22.1
22.1
30.888
30.888
30.888
30.888
30.888
19.785
19.785
19.785
19.785
19.785
19.605
19.605
19.605
19.605
19.605
15.954
15.954
15.954
15.954
15.954
24.85
24.85
24.85
24.85
24.85
20.796
20.796
20.796
20.796
20.796
22.606
22.606
22.606
22.606
22.606
21.246
21.246
21.246
