1359
116
80
85
88
78
94
91
104
79
71
110
105
72
86
79
124
80
92
62
60
75
72
107
69
55
200
71
88
60
65
68
74
112
77
63
57
109
62
80
110
70
79
85
75
67
97
58
70
72
65
173
74
72
66
60
103
85
65
87
70
81
84
82
108
75
74
87
77
78
92
86
204
86
100
69
73
134
70
72
65
109
66
71
70
79
97
103
66
101
59
82
58
65
78
92
75
68
69
68
88
91
113
69
127
74
64
63
62
78
61
70
70
101
59
87
89
57
92
91
107
77
69
65
52
88
81
81
77
85
73
95
69
73
65
76
70
65
52
92
77
65
67
67
82
92
84
72
78
65
84
68
66
73
60
81
70
63
89
69
72
56
62
80
89
68
66
97
91
76
76
65
65
86
61
114
62
72
59
90
104
77
77
72
69
64
87
82
131
60
79
54
68
80
67
77
75
94
108
77
81
74
80
87
97
77
66
67
78
64
79
61
135
59
88
67
85
111
61
85
69
89
67
73
83
108
107
78
64
59
57
63
53
78
98
71
66
56
66
57
87
61
80
82
64
72
54
78
74
140
51
96
92
122
69
104
99
80
79
112
88
99
76
77
81
107
122
90
63
74
111
81
136
130
61
80
74
69
77
58
98
81
142
95
88
76
81
70
136
58
161
74
56
89
63
68
66
66
89
66
94
75
59
76
81
64
97
106
130
67
74
83
61
65
64
70
82
76
96
59
84
89
65
70
89
61
84
101
64
99
70
83
83
67
93
75
99
86
79
88
109
114
71
65
71
67
76
89
78
56
67
102
76
100
90
86
59
73
80
74
63
87
75
93
76
140
97
69
109
63
69
90
77
68
80
69
96
81
81
76
85
91
81
80
65
86
69
65
64
81
89
87
81
59
61
75
67
65
89
156
