0.0
0.0
0.0
0.0
0.0
76.733
76.733
76.733
76.733
76.733
28.412
28.412
28.412
28.412
28.412
17.21
17.21
17.21
17.21
17.21
17.086
17.086
17.086
17.086
17.086
24.324
24.324
24.324
24.324
24.324
17.701
17.701
17.701
17.701
17.701
28.497
28.497
28.497
28.497
28.497
20.043
20.043
20.043
20.043
20.043
32.424
32.424
32.424
32.424
32.424
20.113
20.113
20.113
20.113
20.113
20.301
20.301
20.301
20.301
20.301
17.122
17.122
17.122
17.122
17.122
22.327
22.327
22.327
22.327
22.327
24.364
24.364
24.364
24.364
24.364
20.183
20.183
20.183
20.183
20.183
23.964
23.964
23.964
23.964
23.964
21.302
21.302
21.302
21.302
21.302
29.056
29.056
29.056
29.056
29.056
19.936
19.936
19.936
19.936
19.936
17.184
17.184
17.184
17.184
17.184
23.69
23.69
23.69
23.69
23.69
87.992
87.992
87.992
100.0
100.0
100.0
100.0
72.661
72.661
72.661
72.661
72.661
20.141
20.141
20.141
20.141
20.141
18.202
18.202
18.202
18.202
18.202
22.646
22.646
22.646
22.646
22.646
24.205
24.205
24.205
24.205
24.205
24.145
24.145
24.145
24.145
24.145
26.62
26.62
26.62
26.62
26.62
24.936
24.936
24.936
24.936
24.936
19.08
19.08
19.08
19.08
19.08
22.127
22.127
22.127
22.127
22.127
19.019
19.019
19.019
19.019
19.019
17.237
17.237
17.237
17.237
17.237
25.33
25.33
25.33
25.33
25.33
20.72
20.72
20.72
20.72
20.72
16.323
16.323
16.323
16.323
16.323
23.002
23.002
23.002
23.002
23.002
20.634
20.634
20.634
20.634
20.634
21.045
21.045
21.045
21.045
21.045
18.403
18.403
18.403
18.403
18.403
25.156
25.156
25.156
25.156
25.156
21.09
21.09
21.09
21.09
21.09
21.516
21.516
21.516
21.516
21.516
20.763
20.763
20.763
20.763
20.763
21.589
21.589
21.589
21.589
21.589
17.504
17.504
17.504
17.504
17.504
16.721
16.721
16.721
16.721
16.721
21.385
21.385
21.385
21.385
21.385
20.462
20.462
20.462
20.462
20.462
20.084
20.084
20.084
20.084
20.084
18.76
18.76
18.76
18.76
18.76
20.432
20.432
20.432
20.432
20.432
24.866
24.866
24.866
24.866
24.866
21.269
21.269
21.269
21.269
21.269
19.902
19.902
19.902
19.902
19.902
45.972
45.972
45.972
45.972
45.972
17.983
17.983
17.983
17.983
17.983
20.414
20.414
20.414
20.414
20.414
15.514
15.514
15.514
15.514
15.514
20.62
20.62
20.62
20.62
20.62
25.229
25.229
25.229
25.229
25.229
19.657
19.657
19.657
19.657
19.657
19.542
19.542
19.542
19.542
19.542
20.923
20.923
20.923
20.923
20.923
19.373
19.373
19.373
19.373
19.373
18.081
18.081
18.081
18.081
18.081
18.847
18.847
18.847
18.847
18.847
24.764
24.764
24.764
24.764
24.764
25.397
25.397
25.397
25.397
25.397
32.345
32.345
32.345
32.345
32.345
27.749
27.749
27.749
27.749
27.749
26.472
26.472
26.472
26.472
26.472
20.95
20.95
20.95
20.95
20.95
24.656
24.656
24.656
24.656
24.656
23.144
23.144
23.144
23.144
23.144
24.36
24.36
24.36
24.36
24.36
20.758
20.758
20.758
20.758
20.758
25.053
25.053
25.053
25.053
25.053
24.257
24.257
24.257
24.257
24.257
27.919
27.919
27.919
27.919
27.919
19.268
19.268
19.268
19.268
19.268
19.146
19.146
19.146
19.146
19.146
22.658
22.658
22.658
22.658
22.658
24.844
24.844
24.844
24.844
24.844
23.888
23.888
23.888
23.888
23.888
23.283
23.283
23.283
23.283
23.283
17.591
17.591
17.591
17.591
17.591
20.204
20.204
20.204
20.204
20.204
21.516
21.516
21.516
21.516
21.516
18.444
18.444
18.444
18.444
18.444
20.076
20.076
20.076
20.076
20.076
23.114
23.114
23.114
23.114
23.114
23.664
23.664
23.664
23.664
23.664
22.538
22.538
22.538
22.538
22.538
24.183
24.183
24.183
24.183
24.183
24.326
24.326
24.326
24.326
24.326
27.667
27.667
27.667
27.667
27.667
22.803
22.803
22.803
22.803
22.803
36.989
36.989
36.989
36.989
36.989
18.861
18.861
18.861
18.861
18.861
19.504
19.504
19.504
19.504
19.504
23.646
23.646
23.646
23.646
23.646
20.058
20.058
20.058
20.058
20.058
29.98
29.98
29.98
29.98
29.98
21.018
21.018
21.018
21.018
21.018
24.913
24.913
24.913
24.913
24.913
22.549
22.549
22.549
22.549
22.549
21.282
21.282
21.282
21.282
21.282
27.77
27.77
27.77
27.77
27.77
20.155
20.155
20.155
20.155
20.155
23.032
23.032
23.032
23.032
23.032
35.927
35.927
35.927
35.927
35.927
31.153
31.153
31.153
31.153
31.153
21.775
21.775
21.775
21.775
21.775
18.873
18.873
18.873
18.873
18.873
19.874
19.874
19.874
19.874
19.874
20.624
20.624
