1192
132
75
96
108
99
88
154
61
88
92
69
73
72
102
126
75
74
60
67
71
64
65
62
54
59
90
89
56
69
66
52
199
63
56
75
69
63
52
62
77
61
64
89
116
52
61
47
72
66
75
74
100
67
74
50
84
63
100
86
80
70
60
71
58
74
70
65
83
69
84
73
117
91
67
86
103
67
106
59
53
78
90
82
54
53
73
83
61
57
61
57
61
69
49
53
75
54
56
103
86
57
67
57
69
77
49
100
68
57
50
93
94
80
71
60
59
64
91
67
65
83
74
93
63
61
79
51
106
69
58
85
86
62
57
94
56
61
72
77
79
57
70
86
75
63
58
86
47
61
63
57
78
63
65
60
58
52
57
70
71
118
69
46
66
77
101
59
50
69
57
71
83
83
63
143
52
48
63
55
73
66
89
58
53
63
62
59
59
113
101
55
70
96
62
86
70
67
95
116
69
59
72
86
61
63
74
58
87
110
62
55
82
56
53
53
76
115
69
59
68
81
67
57
59
55
96
59
69
80
68
62
67
87
91
51
56
58
65
48
65
50
66
64
65
60
62
84
47
69
74
72
72
68
59
62
86
58
78
67
101
55
118
94
64
72
64
75
81
63
58
60
75
59
67
51
93
88
71
82
48
78
80
62
52
55
61
51
48
65
49
52
65
72
68
123
87
49
65
67
97
71
60
67
65
84
133
103
57
55
69
76
84
54
80
99
70
54
48
69
84
63
77
84
74
106
72
114
68
74
71
53
56
71
54
47
72
70
50
64
112
73
82
80
113
49
82
66
89
68
91
82
93
62
60
50
68
51
54
58
89
75
79
71
106
55
114
63
58
80
68
75
79
56
103
74
74
77
65
77
67
66
94
86
59
89
103
61
87
55
103
63
63
74
52
58
61
61
64
48
