0.0
0.0
0.0
0.0
0.0
62.972
62.972
62.972
62.972
62.972
16.379
16.379
16.379
16.379
16.379
24.656
24.656
24.656
24.656
24.656
20.274
20.274
20.274
20.274
20.274
23.085
23.085
23.085
23.085
23.085
27.439
27.439
27.439
27.439
27.439
21.537
21.537
21.537
21.537
21.537
24.312
24.312
24.312
24.312
24.312
26.099
26.099
26.099
26.099
26.099
25.147
25.147
25.147
25.147
25.147
18.272
18.272
18.272
18.272
18.272
24.23
24.23
24.23
24.23
24.23
21.866
21.866
21.866
21.866
21.866
18.691
18.691
18.691
18.691
18.691
20.275
20.275
20.275
20.275
20.275
21.537
21.537
21.537
21.537
21.537
16.976
16.976
16.976
16.976
16.976
24.025
24.025
24.025
24.025
24.025
16.264
16.264
16.264
16.264
16.264
20.787
20.787
20.787
20.787
20.787
16.01
16.01
16.01
16.01
16.01
14.654
14.654
14.654
14.654
14.654
20.342
20.342
20.342
20.342
20.342
12.172
12.172
12.172
12.172
12.172
19.409
19.409
19.409
19.409
19.409
23.609
23.609
23.609
23.609
23.609
25.272
25.272
25.272
25.272
25.272
23.591
23.591
23.591
23.591
23.591
18.786
18.786
18.786
18.786
18.786
18.512
18.512
18.512
18.512
18.512
18.701
18.701
18.701
18.701
18.701
24.383
24.383
24.383
24.383
24.383
19.045
19.045
19.045
19.045
19.045
23.963
23.963
23.963
23.963
23.963
15.485
15.485
15.485
15.485
15.485
24.457
24.457
24.457
24.457
24.457
28.26
28.26
28.26
28.26
28.26
17.476
17.476
17.476
17.476
17.476
17.482
17.482
17.482
17.482
17.482
21.328
21.328
21.328
21.328
21.328
24.137
24.137
24.137
24.137
24.137
21.079
21.079
21.079
21.079
21.079
24.799
24.799
24.799
24.799
24.799
21.509
21.509
21.509
21.509
21.509
22.127
22.127
22.127
22.127
22.127
20.038
20.038
20.038
20.038
20.038
25.463
25.463
25.463
25.463
25.463
45.572
45.572
45.572
45.572
45.572
26.14
26.14
26.14
26.14
26.14
25.358
25.358
25.358
25.358
25.358
13.296
13.296
13.296
13.296
13.296
17.557
17.557
17.557
17.557
17.557
21.944
21.944
21.944
21.944
21.944
16.143
16.143
16.143
16.143
16.143
18.027
18.027
18.027
18.027
18.027
18.715
18.715
18.715
18.715
18.715
18.832
18.832
18.832
18.832
18.832
13.982
13.982
13.982
13.982
13.982
20.065
20.065
20.065
20.065
20.065
20.877
20.877
20.877
20.877
20.877
18.946
18.946
18.946
18.946
18.946
17.278
17.278
17.278
17.278
17.278
20.014
20.014
20.014
20.014
20.014
25.355
25.355
25.355
25.355
25.355
17.752
17.752
17.752
17.752
17.752
25.014
25.014
25.014
25.014
25.014
16.924
16.924
16.924
16.924
16.924
20.93
20.93
20.93
20.93
20.93
16.253
16.253
16.253
16.253
16.253
18.128
18.128
18.128
18.128
18.128
15.796
15.796
15.796
15.796
15.796
14.968
14.968
14.968
14.968
14.968
14.808
14.808
14.808
14.808
14.808
21.476
21.476
21.476
21.476
21.476
13.88
13.88
13.88
13.88
13.88
17.174
17.174
17.174
17.174
17.174
22.095
22.095
22.095
22.095
22.095
20.141
20.141
20.141
20.141
20.141
23.536
23.536
23.536
23.536
23.536
20.012
20.012
20.012
20.012
20.012
21.63
21.63
21.63
21.63
21.63
19.365
19.365
19.365
19.365
19.365
15.227
15.227
15.227
15.227
15.227
21.905
21.905
21.905
21.905
21.905
23.695
23.695
23.695
23.695
23.695
24.131
24.131
24.131
24.131
24.131
19.685
19.685
19.685
19.685
19.685
16.805
16.805
16.805
16.805
16.805
21.671
21.671
21.671
21.671
21.671
20.962
20.962
20.962
20.962
20.962
16.349
16.349
16.349
16.349
16.349
18.39
18.39
18.39
18.39
18.39
16.868
16.868
16.868
16.868
16.868
23.885
23.885
23.885
23.885
23.885
18.27
18.27
18.27
18.27
18.27
26.083
26.083
26.083
26.083
26.083
23.422
23.422
23.422
23.422
23.422
19.806
19.806
19.806
19.806
19.806
16.711
16.711
16.711
16.711
16.711
18.559
18.559
18.559
18.559
18.559
16.61
16.61
16.61
16.61
16.61
19.319
19.319
19.319
19.319
19.319
14.203
14.203
14.203
14.203
14.203
23.977
23.977
23.977
23.977
23.977
38.187
38.187
38.187
38.187
38.187
20.935
20.935
20.935
20.935
81.143
81.143
81.143
81.143
81.143
16.377
16.377
16.377
16.377
16.377
18.492
18.492
18.492
18.492
18.492
35.388
35.388
35.388
35.388
35.388
21.164
21.164
21.164
21.164
21.164
19.5
19.5
19.5
19.5
19.5
17.418
17.418
17.418
17.418
17.418
18.286
18.286
18.286
18.286
18.286
18.586
18.586
18.586
18.586
18.586
15.092
15.092
15.092
15.092
15.092
26.6
26.6
26.6
26.6
26.6
21.754
21.754
21.754
21.754
21.754
20.022
20.022
20.022
20.022
20.022
14.871
14.871
14.871
14.871
14.871
15.237
15.237
15.237
15.237
15.237
25.445
25.445
25.445
25.445
25.445
17.867
17.867
17.867
17.867
17.867
18.615
18.615
18.615
18.615
18.615
18.183
18.183
18.183
18.183
18.183
22.33
22.33
