1348
117
84
85
71
71
120
87
91
69
90
164
66
78
78
100
89
85
93
64
96
77
65
104
68
83
75
75
112
122
78
84
65
85
65
99
94
65
97
76
95
71
83
98
86
78
104
98
76
64
89
86
74
103
88
89
76
79
90
73
75
73
73
110
57
71
79
60
113
65
134
113
61
76
146
75
59
98
72
73
67
62
63
90
81
93
72
67
67
103
73
57
97
70
94
97
80
63
104
85
58
63
68
62
78
75
73
239
77
64
71
69
63
117
138
68
109
105
65
66
73
79
55
68
82
77
83
79
80
66
92
76
97
67
88
80
86
80
96
67
107
99
74
69
75
64
63
93
89
80
91
74
105
94
78
87
108
70
75
72
62
75
75
112
103
90
85
75
81
75
81
56
92
85
77
64
68
84
106
116
78
65
64
63
65
79
145
106
76
56
72
67
73
65
72
76
69
120
71
63
75
65
65
66
66
79
100
94
73
60
81
73
108
71
113
83
64
63
181
60
62
100
78
102
87
88
67
82
83
80
57
106
73
105
64
71
95
100
60
69
109
115
85
62
121
64
82
65
91
67
75
89
81
92
86
65
56
90
94
85
70
89
102
70
61
140
67
86
56
77
78
62
65
69
53
94
77
66
167
61
53
63
62
82
71
104
80
59
100
72
67
60
81
84
79
68
80
67
62
67
94
88
112
68
60
105
70
103
119
82
78
75
62
88
74
79
111
68
103
115
108
58
109
117
75
61
69
64
68
67
79
82
115
64
80
93
107
89
80
71
97
55
82
84
71
57
81
96
73
94
80
92
74
73
135
66
92
84
85
87
70
90
87
91
64
73
81
84
77
70
78
69
79
71
65
73
68
130
146
70
71
95
92
81
95
84
75
65
109
63
66
76
77
75
73
67
67
64
92
68
