0.0
0.0
0.0
0.0
0.0
61.764
61.764
61.764
61.764
61.764
24.937
24.937
24.937
24.937
24.937
19.983
19.983
19.983
19.983
19.983
17.294
17.294
17.294
17.294
17.294
31.905
31.905
31.905
31.905
31.905
14.428
14.428
14.428
14.428
14.428
23.001
23.001
23.001
23.001
23.001
26.809
26.809
26.809
26.809
26.809
16.34
16.34
16.34
16.34
16.34
31.369
31.369
31.369
31.369
31.369
22.803
22.803
22.803
22.803
22.803
18.258
18.258
18.258
18.258
18.258
23.854
23.854
23.854
23.854
23.854
22.664
22.664
22.664
22.664
22.664
21.399
21.399
21.399
21.399
21.399
25.163
25.163
25.163
25.163
25.163
17.823
17.823
17.823
17.823
17.823
21.043
21.043
21.043
21.043
21.043
21.329
21.329
21.329
21.329
21.329
22.394
22.394
22.394
22.394
22.394
19.23
19.23
19.23
19.23
19.23
23.243
23.243
23.243
23.243
23.243
18.708
18.708
18.708
18.708
18.708
23.25
23.25
23.25
23.25
23.25
17.424
17.424
17.424
17.424
17.424
17.053
17.053
17.053
17.053
17.053
18.444
18.444
18.444
18.444
18.444
21.026
21.026
21.026
21.026
21.026
28.161
28.161
28.161
28.161
28.161
20.874
20.874
20.874
20.874
20.874
26.641
26.641
26.641
26.641
26.641
18.318
18.318
18.318
18.318
18.318
17.207
17.207
17.207
17.207
17.207
25.733
25.733
25.733
25.733
25.733
20.615
20.615
20.615
20.615
20.615
17.88
17.88
17.88
17.88
17.88
24.265
24.265
24.265
24.265
24.265
18.575
18.575
18.575
18.575
18.575
22.228
22.228
22.228
22.228
22.228
40.944
40.944
40.944
40.944
40.944
24.342
24.342
24.342
24.342
24.342
21.729
21.729
21.729
21.729
21.729
17.665
17.665
17.665
17.665
17.665
17.843
17.843
17.843
17.843
17.843
21.75
21.75
21.75
21.75
21.75
21.291
21.291
21.291
21.291
21.291
20.319
20.319
20.319
20.319
20.319
22.556
22.556
22.556
22.556
22.556
20.675
20.675
20.675
20.675
20.675
23.007
23.007
23.007
23.007
23.007
18.253
18.253
18.253
18.253
18.253
21.511
21.511
21.511
21.511
21.511
23.731
23.731
23.731
23.731
23.731
18.421
18.421
18.421
18.421
18.421
22.603
22.603
22.603
22.603
22.603
16.525
16.525
16.525
16.525
16.525
19.814
19.814
19.814
19.814
19.814
25.566
25.566
25.566
25.566
25.566
20.953
20.953
20.953
20.953
20.953
29.903
29.903
29.903
29.903
29.903
21.485
21.485
21.485
21.485
21.485
23.248
23.248
23.248
23.248
23.248
18.884
18.884
18.884
18.884
18.884
23.158
23.158
23.158
23.158
23.158
21.828
21.828
21.828
21.828
21.828
15.363
15.363
15.363
15.363
15.363
21.068
21.068
21.068
21.068
21.068
14.662
14.662
14.662
14.662
14.662
25.848
25.848
25.848
25.848
25.848
19.681
19.681
19.681
19.681
19.681
20.471
20.471
20.471
20.471
20.471
23.842
23.842
23.842
23.842
23.842
24.971
24.971
24.971
24.971
24.971
19.602
19.602
19.602
19.602
19.602
14.578
14.578
14.578
14.578
14.578
24.13
24.13
24.13
24.13
24.13
24.348
24.348
24.348
24.348
24.348
17.693
17.693
17.693
17.693
17.693
19.609
19.609
19.609
19.609
19.609
25.733
25.733
25.733
25.733
25.733
17.097
17.097
17.097
17.097
17.097
25.143
25.143
25.143
25.143
25.143
19.796
19.796
19.796
19.796
19.796
18.623
18.623
18.623
18.623
18.623
22.5
22.5
22.5
22.5
22.5
22.847
22.847
22.847
22.847
22.847
24.862
24.862
24.862
24.862
24.862
18.384
18.384
18.384
18.384
18.384
22.941
22.941
22.941
22.941
22.941
20.33
20.33
20.33
20.33
20.33
16.768
16.768
16.768
16.768
16.768
30.383
30.383
30.383
30.383
30.383
20.645
20.645
20.645
20.645
20.645
17.432
17.432
17.432
17.432
17.432
17.352
17.352
17.352
17.352
17.352
23.839
23.839
23.839
23.839
23.839
42.603
42.603
42.603
42.603
42.603
21.624
21.624
21.624
21.624
21.624
23.682
23.682
23.682
23.682
23.682
19.269
19.269
19.269
19.269
19.269
38.154
38.154
38.154
38.154
38.154
26.446
26.446
26.446
26.446
26.446
48.628
48.628
48.628
48.628
48.628
25.092
25.092
25.092
25.092
25.092
45.093
45.093
45.093
45.093
45.093
24.681
24.681
24.681
24.681
24.681
29.804
29.804
29.804
29.804
29.804
36.967
36.967
36.967
36.967
36.967
30.79
30.79
30.79
30.79
30.79
43.996
43.996
43.996
43.996
43.996
23.55
23.55
23.55
23.55
23.55
23.816
23.816
23.816
23.816
23.816
18.394
18.394
18.394
18.394
18.394
21.832
21.832
21.832
21.832
21.832
23.654
23.654
23.654
23.654
23.654
23.732
23.732
23.732
23.732
23.732
23.15
23.15
23.15
23.15
23.15
35.786
35.786
35.786
35.786
35.786
23.191
23.191
23.191
