1131
103
89
75
83
103
88
92
64
62
64
111
70
102
58
90
109
68
99
81
55
63
104
70
55
67
90
72
72
62
117
59
73
86
81
139
62
65
48
72
51
55
57
135
61
66
58
101
57
71
76
84
68
63
77
70
104
66
61
52
62
55
98
70
59
66
66
74
58
68
62
74
71
67
68
83
63
70
109
60
110
80
79
92
94
111
71
59
127
57
52
80
61
61
60
61
55
75
58
60
52
58
73
55
54
61
98
59
64
56
60
62
91
163
61
68
74
60
68
86
55
63
75
55
111
83
97
78
66
89
56
99
69
67
111
72
53
86
69
68
108
58
68
57
67
74
93
67
62
63
82
73
66
65
85
85
65
80
57
53
96
78
111
81
64
71
62
42
63
65
74
102
116
77
76
60
62
70
83
49
58
49
99
95
63
91
75
71
114
76
74
56
54
59
61
78
55
77
57
70
51
70
67
58
57
95
81
58
67
75
50
139
75
89
71
58
79
175
56
96
66
86
74
109
80
100
51
57
84
75
57
69
56
75
69
63
55
93
81
59
55
104
67
96
64
81
125
91
69
59
61
54
73
73
66
82
98
55
76
82
66
80
89
54
76
65
53
58
53
52
66
59
66
61
69
87
64
106
64
69
54
55
59
63
60
51
76
54
56
69
75
49
61
78
53
65
63
51
48
63
84
73
128
64
79
66
57
78
61
60
56
97
68
56
75
71
90
88
76
74
68
57
76
95
87
64
65
55
67
73
67
77
76
88
57
50
51
71
74
53
143
80
57
58
54
64
87
57
60
68
75
57
95
53
59
62
60
54
70
64
86
56
79
64
58
73
76
83
52
57
68
75
65
105
70
63
58
124
74
63
70
81
52
65
56
73
55
80
72
54
94
60
95
116
57
50
107
79
81
46
