0.0
0.0
0.0
0.0
35.841
35.841
35.841
35.841
23.779
23.779
23.779
23.779
22.0
22.0
22.0
22.0
25.774
25.774
25.774
25.774
28.575
28.575
28.575
28.575
24.334
24.334
24.334
24.334
22.128
22.128
22.128
22.128
25.959
25.959
25.959
25.959
31.292
31.292
31.292
31.292
19.627
19.627
19.627
19.627
27.282
27.282
27.282
27.282
21.112
21.112
21.112
21.112
20.731
20.731
20.731
20.731
20.865
20.865
20.865
20.865
15.518
15.518
15.518
15.518
25.052
25.052
25.052
25.052
39.657
39.657
39.657
39.657
50.933
50.933
50.933
50.933
47.622
47.622
47.622
47.622
54.341
54.341
54.341
54.341
49.187
49.187
49.187
49.187
24.216
24.216
24.216
24.216
26.441
26.441
26.441
26.441
49.903
49.903
49.903
49.903
46.645
46.645
46.645
46.645
56.245
56.245
56.245
56.245
48.801
48.801
48.801
48.801
43.929
43.929
43.929
43.929
30.132
30.132
30.132
30.132
23.358
23.358
23.358
23.358
32.563
32.563
32.563
32.563
22.264
22.264
22.264
22.264
21.496
21.496
21.496
21.496
15.39
15.39
15.39
15.39
19.972
19.972
19.972
19.972
20.727
20.727
20.727
20.727
17.577
17.577
17.577
17.577
30.867
30.867
30.867
30.867
27.477
27.477
27.477
27.477
21.368
21.368
21.368
21.368
22.635
22.635
22.635
22.635
37.985
37.985
37.985
37.985
29.972
29.972
29.972
29.972
23.029
23.029
23.029
23.029
24.439
24.439
24.439
24.439
20.08
20.08
20.08
20.08
20.085
20.085
20.085
20.085
19.18
19.18
19.18
19.18
19.179
19.179
19.179
19.179
8.714
8.714
8.714
8.714
6.871
6.871
6.871
6.871
11.105
11.105
11.105
11.105
15.324
15.324
15.324
15.324
20.335
20.335
20.335
20.335
23.009
23.009
23.009
23.009
15.332
15.332
15.332
15.332
18.806
18.806
18.806
18.806
14.05
14.05
14.05
14.05
24.06
24.06
24.06
24.06
18.539
18.539
18.539
18.539
20.218
20.218
20.218
20.218
25.503
25.503
25.503
25.503
14.05
14.05
14.05
14.05
17.762
