2907
108
110
93
81
71
102
70
98
56
80
62
55
94
76
106
84
85
80
71
63
70
83
74
117
87
69
69
81
94
105
94
54
66
75
74
65
79
74
79
67
126
98
82
76
68
63
97
58
57
58
61
63
97
112
64
98
76
62
64
81
52
79
70
65
63
61
57
57
57
68
61
72
58
53
71
67
85
78
71
100
76
76
88
62
70
78
55
53
54
61
74
62
62
96
72
73
84
54
62
60
65
55
72
52
79
86
56
102
62
68
75
70
76
57
64
66
96
177
55
83
80
66
84
69
59
76
108
89
70
81
52
95
54
64
68
80
67
60
59
72
68
85
61
79
123
96
60
78
72
68
74
69
72
114
60
63
66
73
54
64
70
70
83
63
101
71
60
60
61
75
89
54
93
55
118
66
89
59
80
79
66
75
89
65
71
60
58
87
111
89
67
63
52
55
59
78
61
83
66
60
77
61
66
98
69
164
67
89
70
67
83
115
60
53
53
62
89
67
81
56
77
90
74
79
75
61
64
101
69
55
80
77
65
118
67
83
77
59
51
54
82
76
57
76
66
95
50
55
71
81
63
60
60
56
76
76
83
62
76
82
57
70
85
62
66
75
59
65
71
68
82
53
65
64
60
59
113
64
59
60
66
57
60
71
63
71
55
62
67
64
60
81
105
65
60
61
58
66
68
49
70
72
60
49
64
75
89
50
59
77
83
112
53
80
101
69
75
49
60
91
110
52
67
71
57
92
88
60
51
61
67
68
71
52
71
67
66
52
80
72
62
58
104
57
65
59
119
64
72
65
68
69
81
53
86
61
70
92
85
83
87
98
69
100
120
73
87
68
62
66
76
114
69
71
72
79
58
102
62
62
67
68
61
67
81
63
86
59
57
94
86
56
50
71
75
73
72
47
59
