0.0
0.0
0.0
0.0
0.0
59.465
59.465
59.465
59.465
59.465
26.088
26.088
26.088
26.088
26.088
22.051
22.051
22.051
22.051
22.051
25.691
25.691
25.691
25.691
25.691
25.045
25.045
25.045
25.045
25.045
29.37
29.37
29.37
29.37
29.37
24.722
24.722
24.722
24.722
24.722
23.012
23.012
23.012
23.012
23.012
21.622
21.622
21.622
21.622
21.622
19.894
19.894
19.894
19.894
19.894
22.095
22.095
22.095
22.095
22.095
17.097
17.097
17.097
17.097
17.097
23.337
23.337
23.337
23.337
23.337
30.13
30.13
30.13
30.13
30.13
19.773
19.773
19.773
19.773
19.773
15.488
15.488
15.488
15.488
15.488
16.009
16.009
16.009
16.009
16.009
24.258
24.258
24.258
24.258
24.258
23.596
23.596
23.596
23.596
23.596
20.043
20.043
20.043
20.043
20.043
19.349
19.349
19.349
19.349
19.349
20.022
20.022
20.022
20.022
20.022
22.197
22.197
22.197
22.197
22.197
20.417
20.417
20.417
20.417
20.417
20.186
20.186
20.186
20.186
20.186
22.998
22.998
22.998
22.998
22.998
14.14
14.14
14.14
14.14
14.14
24.343
24.343
24.343
24.343
24.343
20.293
20.293
20.293
20.293
20.293
18.963
18.963
18.963
18.963
18.963
19.064
19.064
19.064
19.064
19.064
23.704
23.704
23.704
23.704
23.704
20.189
20.189
20.189
20.189
20.189
20.174
20.174
20.174
20.174
20.174
19.444
19.444
19.444
19.444
19.444
17.403
17.403
17.403
17.403
17.403
13.971
13.971
13.971
13.971
13.971
20.126
20.126
20.126
20.126
20.126
15.897
15.897
15.897
15.897
15.897
24.034
24.034
24.034
24.034
24.034
17.299
17.299
17.299
17.299
17.299
24.633
24.633
24.633
24.633
24.633
19.195
19.195
19.195
19.195
19.195
19.495
19.495
19.495
19.495
19.495
18.373
18.373
18.373
18.373
18.373
18.76
18.76
18.76
18.76
18.76
17.798
17.798
17.798
17.798
17.798
21.134
21.134
21.134
21.134
21.134
38.444
38.444
38.444
38.444
38.444
17.905
17.905
17.905
17.905
17.905
19.944
19.944
19.944
19.944
19.944
17.773
17.773
17.773
17.773
17.773
20.552
20.552
20.552
20.552
20.552
16.589
16.589
16.589
16.589
16.589
20.981
20.981
20.981
20.981
20.981
14.516
14.516
14.516
14.516
14.516
16.932
16.932
16.932
16.932
16.932
26.755
26.755
26.755
26.755
26.755
26.126
26.126
26.126
26.126
26.126
14.42
14.42
14.42
14.42
14.42
23.732
23.732
23.732
23.732
23.732
26.65
26.65
26.65
26.65
26.65
52.365
52.365
52.365
52.365
52.365
42.448
42.448
42.448
42.448
42.448
24.939
24.939
24.939
24.939
24.939
48.537
48.537
48.537
48.537
48.537
50.073
50.073
50.073
50.073
50.073
56.2
56.2
56.2
56.2
56.2
27.936
27.936
27.936
27.936
27.936
35.577
35.577
35.577
35.577
35.577
51.536
51.536
51.536
51.536
51.536
23.255
23.255
23.255
23.255
23.255
22.072
22.072
22.072
22.072
22.072
19.985
19.985
19.985
19.985
19.985
20.134
20.134
20.134
20.134
20.134
17.267
17.267
17.267
17.267
17.267
24.532
24.532
24.532
24.532
24.532
32.533
32.533
32.533
32.533
32.533
25.302
25.302
25.302
25.302
25.302
18.04
18.04
18.04
18.04
18.04
17.262
17.262
17.262
17.262
17.262
16.752
16.752
16.752
16.752
16.752
22.422
22.422
22.422
22.422
22.422
30.29
30.29
30.29
30.29
30.29
31.779
31.779
31.779
31.779
31.779
17.845
17.845
17.845
17.845
17.845
25.428
25.428
25.428
25.428
25.428
19.476
19.476
19.476
19.476
19.476
13.52
13.52
13.52
13.52
13.52
21.64
21.64
21.64
21.64
21.64
22.097
22.097
22.097
22.097
22.097
23.871
23.871
23.871
23.871
23.871
20.298
20.298
20.298
20.298
20.298
25.281
25.281
25.281
25.281
25.281
16.03
16.03
16.03
16.03
16.03
21.294
21.294
21.294
21.294
21.294
14.169
14.169
14.169
14.169
14.169
24.652
24.652
24.652
24.652
24.652
17.947
17.947
17.947
17.947
17.947
22.035
22.035
22.035
22.035
22.035
24.773
24.773
24.773
24.773
24.773
20.026
20.026
20.026
20.026
20.026
42.45
42.45
42.45
42.45
42.45
38.254
38.254
38.254
38.254
38.254
29.96
29.96
29.96
29.96
29.96
54.758
54.758
54.758
54.758
54.758
24.989
24.989
24.989
24.989
24.989
18.783
18.783
18.783
18.783
18.783
25.007
25.007
25.007
25.007
25.007
28.954
28.954
28.954
28.954
28.954
26.452
26.452
26.452
26.452
26.452
28.049
28.049
28.049
28.049
28.049
37.836
37.836
37.836
37.836
37.836
22.704
22.704
22.704
22.704
22.704
19.312
19.312
19.312
19.312
19.312
16.911
16.911
16.911
16.911
16.911
25.132
25.132
25.132
25.132
25.132
17.713
17.713
17.713
17.713
17.713
22.965
22.965
22.965
22.965
22.965
15.977
