1402
83
103
1921
156
78
127
86
105
106
69
350
81
56
136
97
130
77
52
109
80
55
81
67
65
98
66
50
80
71
117
70
85
66
81
59
124
64
79
73
63
107
74
78
69
63
72
64
66
66
85
81
71
105
68
106
64
96
74
91
70
64
67
62
69
69
94
76
63
96
60
66
102
88
112
74
78
158
73
128
86
62
49
105
69
81
71
54
58
59
66
59
69
64
61
66
62
67
84
56
53
76
64
137
67
65
70
66
86
98
74
90
77
87
60
85
75
64
80
76
82
67
84
68
79
109
83
56
58
72
67
60
76
85
78
56
77
72
76
101
50
68
72
65
68
89
104
97
76
64
64
104
98
104
88
109
58
71
133
100
60
137
76
58
88
60
62
78
71
60
87
64
61
82
95
73
86
56
80
81
96
78
103
92
101
84
64
66
90
100
75
57
70
71
89
74
67
102
89
74
70
80
70
58
72
71
61
66
94
85
65
92
68
84
111
74
63
66
63
61
104
138
64
83
84
105
80
76
73
73
77
57
58
85
68
65
83
79
64
92
84
71
66
104
87
71
63
79
67
61
75
58
56
67
73
53
103
59
55
62
68
84
80
91
64
63
54
129
62
118
98
66
87
73
111
72
80
134
79
88
73
65
84
66
67
61
71
73
71
68
73
94
66
112
155
96
67
80
73
76
72
65
59
82
110
69
86
58
57
71
51
82
55
67
72
58
89
71
87
67
60
183
49
51
56
55
57
80
43
62
69
77
91
56
90
101
111
158
77
99
64
59
70
148
72
64
116
61
61
55
75
71
70
108
59
83
117
92
76
98
99
76
93
67
83
96
70
80
82
64
55
63
66
76
83
59
67
75
78
71
66
54
90
95
70
60
69
121
95
89
66
84
69
61
74
88
70
