100.0
100.0
100.0
100.0
100.0
21.724
21.724
21.724
21.724
21.724
25.487
25.487
25.487
25.487
25.487
20.831
20.831
20.831
20.831
20.831
26.097
26.097
26.097
26.097
26.097
38.4
38.4
38.4
38.4
38.4
19.026
19.026
19.026
19.026
19.026
16.775
16.775
16.775
16.775
16.775
21.285
21.285
21.285
21.285
21.285
19.465
19.465
19.465
19.465
19.465
32.756
32.756
32.756
32.756
32.756
14.95
14.95
14.95
14.95
14.95
19.625
19.625
19.625
19.625
19.625
14.362
14.362
14.362
14.362
14.362
31.152
31.152
31.152
31.152
31.152
16.453
16.453
16.453
16.453
16.453
11.528
11.528
11.528
11.528
11.528
32.522
32.522
32.522
32.522
32.522
15.863
15.863
