100.0
100.0
100.0
100.0
27.431
27.431
27.431
27.431
28.861
28.861
28.861
28.861
39.177
39.177
39.177
39.177
43.478
43.478
43.478
43.478
34.05
34.05
34.05
34.05
23.02
23.02
23.02
23.02
23.78
23.78
23.78
84.009
84.009
84.009
90.79
90.79
90.79
63.661
63.661
63.661
63.661
7.825
7.825
7.825
7.825
12.977
12.977
12.977
12.977
12.195
12.195
12.195
12.195
14.11
14.11
14.11
14.11
13.764
13.764
13.764
13.764
7.975
7.975
7.975
7.975
36.814
36.814
36.814
36.814
22.715
22.715
22.715
22.715
14.745
14.745
14.745
14.745
26.958
26.958
26.958
26.958
16.655
16.655
16.655
16.655
12.204
12.204
12.204
12.204
21.621
21.621
21.621
21.621
15.523
15.523
15.523
15.523
18.197
18.197
18.197
18.197
16.658
16.658
16.658
16.658
17.426
17.426
17.426
17.426
25.172
25.172
25.172
25.172
26.685
26.685
26.685
26.685
28.58
28.58
28.58
28.58
15.249
15.249
15.249
15.249
18.698
18.698
18.698
18.698
30.807
30.807
30.807
30.807
15.028
15.028
15.028
15.028
34.577
34.577
34.577
34.577
20.343
20.343
20.343
20.343
22.519
22.519
22.519
22.519
19.96
19.96
19.96
19.96
17.428
17.428
17.428
17.428
26.114
26.114
26.114
26.114
26.563
26.563
26.563
26.563
19.464
19.464
19.464
19.464
21.616
21.616
21.616
21.616
23.28
23.28
23.28
23.28
17.121
17.121
17.121
17.121
17.391
17.391
17.391
17.391
17.896
17.896
17.896
17.896
11.897
11.897
11.897
11.897
8.793
8.793
8.793
8.793
6.715
6.715
6.715
6.715
8.658
8.658
8.658
8.658
7.063
7.063
7.063
7.063
18.948
18.948
18.948
18.948
18.03
18.03
18.03
18.03
14.052
14.052
14.052
14.052
20.856
20.856
20.856
20.856
19.418
19.418
19.418
19.418
19.309
19.309
19.309
19.309
17.899
17.899
17.899
17.899
24.433
24.433
24.433
24.433
22.141
22.141
22.141
22.141
13.466
13.466
13.466
13.466
19.449
