3015
166
83
78
85
78
63
59
84
67
71
63
77
69
106
115
71
77
74
59
115
55
65
67
91
80
72
56
64
76
60
141
56
61
76
71
66
56
75
53
52
50
91
56
68
57
81
53
87
91
81
81
120
73
112
99
89
143
68
48
83
123
115
65
52
60
62
75
52
52
60
69
50
50
71
55
70
52
64
52
85
71
65
54
60
66
51
107
54
83
55
48
76
70
47
55
74
52
55
52
55
71
49
92
55
56
59
56
75
81
60
62
71
101
57
55
59
69
58
67
92
65
57
72
59
56
82
88
76
73
61
58
59
87
69
93
77
56
60
79
76
61
55
75
75
59
60
87
55
74
125
94
78
137
73
91
74
63
85
132
69
115
102
109
113
85
78
98
105
92
66
56
48
80
70
74
63
61
85
99
63
77
75
67
60
72
70
50
48
66
63
51
84
63
60
61
56
77
70
77
63
54
56
53
70
69
52
53
65
57
67
69
67
55
87
64
50
62
77
98
62
86
57
69
59
58
94
65
57
59
89
89
69
72
62
80
63
63
62
55
77
63
64
85
72
50
63
142
71
53
63
58
95
64
71
55
54
104
63
62
93
61
67
59
54
61
59
93
54
81
62
68
105
93
70
60
75
88
93
83
79
84
55
67
85
75
59
58
128
108
81
59
75
82
59
58
64
66
62
113
65
52
83
84
50
72
73
46
56
71
62
58
85
61
109
65
62
60
75
69
49
74
95
62
75
77
81
78
77
84
54
76
61
103
72
72
92
79
90
53
79
64
92
71
53
83
69
54
60
52
154
80
95
81
68
70
57
68
69
62
61
64
58
111
94
65
84
50
84
62
59
98
100
65
61
63
131
65
79
75
65
68
79
75
102
92
48
60
57
54
69
75
64
85
56
57
69
90
138
72
