100.0
100.0
100.0
100.0
100.0
61.604
61.604
61.604
61.604
61.604
33.975
33.975
33.975
33.975
33.975
32.9
32.9
32.9
32.9
32.9
21.895
21.895
21.895
21.895
21.895
20.025
20.025
20.025
20.025
20.025
22.059
22.059
22.059
22.059
22.059
21.977
21.977
21.977
21.977
21.977
24.824
24.824
24.824
24.824
24.824
23.392
23.392
23.392
23.392
23.392
20.362
20.362
20.362
20.362
20.362
21.634
21.634
21.634
21.634
21.634
21.731
21.731
21.731
21.731
21.731
22.103
22.103
22.103
22.103
22.103
16.734
16.734
16.734
16.734
16.734
24.457
24.457
24.457
24.457
24.457
21.632
21.632
21.632
21.632
21.632
23.717
23.717
23.717
23.717
23.717
16.888
16.888
16.888
16.888
16.888
20.035
20.035
20.035
20.035
20.035
19.722
19.722
19.722
19.722
19.722
19.2
19.2
19.2
19.2
19.2
23.929
23.929
23.929
23.929
23.929
22.98
22.98
22.98
22.98
22.98
15.566
15.566
15.566
15.566
15.566
16.665
16.665
16.665
16.665
16.665
21.656
21.656
21.656
21.656
21.656
19.923
19.923
19.923
19.923
19.923
17.153
17.153
17.153
17.153
17.153
23.198
23.198
23.198
23.198
23.198
22.24
22.24
22.24
22.24
22.24
16.945
16.945
16.945
16.945
16.945
19.264
19.264
19.264
19.264
19.264
21.782
21.782
21.782
21.782
21.782
23.236
23.236
23.236
23.236
23.236
16.397
16.397
16.397
16.397
16.397
31.869
31.869
31.869
31.869
31.869
17.137
17.137
17.137
17.137
17.137
16.727
16.727
16.727
16.727
16.727
22.376
22.376
22.376
22.376
22.376
17.453
17.453
17.453
17.453
17.453
22.863
22.863
22.863
22.863
22.863
33.166
33.166
33.166
33.166
33.166
23.422
23.422
23.422
23.422
23.422
18.135
18.135
18.135
18.135
18.135
22.97
22.97
22.97
22.97
22.97
22.415
22.415
22.415
22.415
22.415
20.504
20.504
20.504
20.504
20.504
24.653
24.653
24.653
24.653
24.653
21.366
21.366
21.366
21.366
21.366
19.131
19.131
19.131
19.131
19.131
23.29
23.29
23.29
23.29
23.29
16.477
16.477
16.477
16.477
16.477
18.068
18.068
18.068
18.068
18.068
20.001
20.001
20.001
20.001
20.001
28.859
28.859
28.859
28.859
28.859
19.149
19.149
19.149
19.149
19.149
20.139
20.139
20.139
20.139
20.139
15.64
15.64
15.64
15.64
15.64
18.869
18.869
18.869
18.869
18.869
19.325
19.325
19.325
19.325
19.325
21.644
21.644
21.644
21.644
21.644
22.684
22.684
22.684
22.684
22.684
22.095
22.095
22.095
22.095
22.095
24.361
24.361
24.361
24.361
24.361
17.989
17.989
17.989
17.989
17.989
23.906
23.906
23.906
23.906
23.906
32.198
32.198
32.198
32.198
32.198
23.186
23.186
23.186
23.186
23.186
15.533
15.533
15.533
15.533
15.533
17.418
17.418
17.418
17.418
17.418
16.518
16.518
16.518
16.518
16.518
18.897
18.897
18.897
18.897
18.897
20.061
20.061
20.061
20.061
20.061
37.965
37.965
37.965
37.965
85.796
85.796
85.796
85.796
85.796
22.003
22.003
22.003
22.003
22.003
28.822
28.822
28.822
28.822
28.822
16.229
16.229
16.229
16.229
16.229
26.5
26.5
26.5
26.5
26.5
21.939
21.939
21.939
21.939
21.939
17.679
17.679
17.679
17.679
17.679
18.526
18.526
18.526
18.526
18.526
22.14
22.14
22.14
22.14
22.14
21.601
21.601
21.601
21.601
21.601
21.809
21.809
21.809
21.809
21.809
21.63
21.63
21.63
21.63
21.63
23.885
23.885
23.885
23.885
23.885
19.847
19.847
19.847
19.847
19.847
21.519
21.519
21.519
21.519
21.519
19.491
19.491
19.491
19.491
19.491
18.712
18.712
18.712
18.712
18.712
19.289
19.289
19.289
19.289
19.289
18.713
18.713
18.713
18.713
18.713
21.669
21.669
21.669
21.669
21.669
22.304
22.304
22.304
22.304
22.304
22.863
22.863
22.863
22.863
22.863
17.603
17.603
17.603
17.603
17.603
26.298
26.298
26.298
26.298
26.298
34.798
34.798
34.798
34.798
34.798
23.3
23.3
23.3
23.3
23.3
16.632
16.632
16.632
16.632
16.632
18.377
18.377
18.377
18.377
18.377
12.424
12.424
12.424
12.424
12.424
22.389
22.389
22.389
22.389
22.389
15.64
15.64
15.64
15.64
15.64
18.755
18.755
18.755
18.755
18.755
23.948
23.948
23.948
23.948
23.948
17.855
17.855
17.855
17.855
17.855
27.335
27.335
27.335
27.335
27.335
17.134
17.134
17.134
17.134
17.134
16.485
16.485
16.485
16.485
16.485
17.588
17.588
17.588
17.588
17.588
25.839
25.839
25.839
25.839
25.839
20.714
20.714
20.714
20.714
20.714
19.816
19.816
19.816
19.816
19.816
9.186
9.186
9.186
9.186
9.186
20.674
20.674
20.674
20.674
20.674
21.776
21.776
21.776
21.776
21.776
15.704
15.704
15.704
15.704
15.704
17.371
17.371
17.371
17.371
17.371
20.205
20.205
20.205
20.205
20.205
17.155
17.155
17.155
17.155
17.155
20.085
20.085
20.085
20.085
20.085
27.751
27.751
27.751
27.751
27.751
25.754
25.754
25.754
25.754
25.754
49.272
49.272
49.272
49.272
49.272
46.301
46.301
46.301
46.301
46.301
52.72
