1391
96
92
83
59
99
73
68
63
84
74
60
77
76
89
168
64
67
75
77
94
71
105
72
87
75
150
87
76
95
150
99
66
76
84
64
71
78
87
81
73
68
61
74
94
96
60
58
89
86
84
115
91
104
99
54
73
92
90
85
64
89
78
71
83
76
75
69
83
74
110
126
104
92
90
97
63
79
65
58
78
74
108
224
83
64
78
94
83
70
74
80
86
78
71
102
68
93
62
92
84
109
95
64
77
154
90
58
97
66
60
93
67
97
73
55
60
65
67
111
69
91
60
100
66
88
73
70
73
62
127
78
106
69
87
73
82
70
93
79
91
115
70
108
87
93
68
78
75
74
97
92
137
71
105
96
64
71
77
63
85
62
102
67
85
85
66
72
65
67
72
141
74
60
78
80
72
57
95
75
101
97
80
69
94
69
74
76
88
77
61
69
53
62
55
78
58
84
103
60
75
95
77
76
66
84
110
101
75
96
92
67
73
78
81
87
77
80
74
83
77
61
97
91
64
68
50
133
87
64
100
99
72
61
83
71
73
57
80
128
80
69
87
139
89
70
85
75
75
114
73
67
64
73
97
71
77
65
116
76
65
83
62
65
62
78
132
81
102
67
85
104
105
93
81
65
81
75
79
128
87
90
105
60
81
94
83
77
67
75
77
79
106
113
84
89
70
81
99
116
54
67
70
85
70
74
75
100
58
110
88
80
81
62
90
92
90
135
74
115
111
96
119
67
121
57
107
107
112
62
149
88
66
100
92
104
80
137
81
79
76
66
102
112
94
87
90
63
70
70
120
58
85
65
101
91
85
167
105
86
326
76
82
102
77
70
67
76
69
71
60
57
119
109
107
79
93
67
103
70
81
68
74
68
78
81
64
107
77
73
79
86
69
120
90
77
70
95
55
78
