0.0
0.0
0.0
0.0
0.0
30.403
30.403
30.403
30.403
30.403
23.834
23.834
23.834
23.834
23.834
26.664
26.664
26.664
26.664
26.664
16.507
16.507
16.507
16.507
16.507
26.526
26.526
26.526
26.526
26.526
14.93
14.93
14.93
14.93
14.93
17.993
17.993
17.993
17.993
17.993
31.772
31.772
31.772
31.772
31.772
31.374
31.374
31.374
31.374
31.374
18.585
18.585
18.585
18.585
18.585
11.575
11.575
11.575
11.575
11.575
26.385
26.385
26.385
26.385
26.385
10.026
10.026
10.026
10.026
10.026
33.765
33.765
33.765
33.765
33.765
21.124
21.124
21.124
21.124
21.124
16.455
16.455
16.455
16.455
16.455
23.047
23.047
23.047
23.047
23.047
18.87
18.87
18.87
18.87
18.87
16.776
16.776
16.776
16.776
16.776
16.615
16.615
16.615
16.615
16.615
12.278
12.278
12.278
12.278
12.278
28.362
28.362
28.362
28.362
28.362
24.746
24.746
24.746
24.746
24.746
34.889
34.889
34.889
34.889
34.889
23.521
23.521
23.521
23.521
23.521
42.711
42.711
42.711
42.711
42.711
15.7
15.7
15.7
15.7
15.7
22.319
22.319
22.319
22.319
22.319
15.705
15.705
15.705
15.705
15.705
15.869
15.869
15.869
15.869
15.869
18.12
18.12
18.12
18.12
18.12
24.415
24.415
24.415
24.415
24.415
19.153
19.153
19.153
19.153
19.153
15.482
15.482
15.482
15.482
15.482
11.912
11.912
11.912
11.912
11.912
16.677
16.677
16.677
16.677
16.677
18.715
18.715
18.715
18.715
18.715
15.145
15.145
15.145
15.145
15.145
25.091
25.091
25.091
25.091
25.091
17.162
17.162
17.162
17.162
17.162
15.047
15.047
15.047
15.047
15.047
16.672
16.672
16.672
16.672
16.672
21.262
21.262
21.262
21.262
21.262
18.651
18.651
18.651
