3123
93
102
85
83
108
131
94
110
170
108
79
110
137
154
145
95
93
150
74
134
93
97
143
72
89
80
70
67
80
117
100
116
86
106
95
73
63
79
72
75
99
98
78
134
111
107
102
93
122
79
104
95
98
101
105
107
74
77
75
89
92
74
101
93
113
83
120
58
140
57
95
131
74
115
66
63
99
82
80
63
64
68
95
94
135
73
132
66
94
81
70
65
75
93
89
67
88
88
125
72
150
70
60
58
64
54
63
78
56
80
105
94
121
103
79
95
63
67
79
110
81
75
113
82
76
75
82
84
118
123
73
79
104
69
125
65
75
65
125
169
69
76
102
157
178
87
108
115
79
89
83
74
65
73
145
99
78
65
70
118
126
97
102
60
91
106
73
64
92
74
76
77
57
57
84
71
77
70
95
92
83
92
120
70
59
90
64
143
94
96
63
71
69
86
62
71
67
99
77
