100.0
100.0
100.0
100.0
36.586
36.586
36.586
36.586
27.472
27.472
27.472
27.472
15.525
15.525
15.525
15.525
26.44
26.44
26.44
26.44
27.19
27.19
27.19
27.19
28.344
28.344
28.344
28.344
20.988
20.988
20.988
20.988
26.44
26.44
26.44
26.44
25.564
25.564
25.564
25.564
10.059
10.059
10.059
10.059
13.619
13.619
13.619
13.619
6.683
6.683
6.683
6.683
13.626
13.626
13.626
13.626
10.695
10.695
10.695
10.695
11.544
11.544
11.544
11.544
6.042
6.042
6.042
6.042
14.268
14.268
14.268
14.268
9.41
9.41
9.41
9.41
16.391
16.391
16.391
16.391
20.732
20.732
20.732
20.732
24.292
24.292
24.292
24.292
36.587
36.587
36.587
36.587
53.438
53.438
53.438
53.438
31.513
31.513
31.513
31.513
18.197
18.197
18.197
18.197
19.334
19.334
19.334
19.334
14.391
14.391
14.391
14.391
25.415
25.415
25.415
25.415
16.691
16.691
16.691
16.691
22.006
22.006
22.006
22.006
26.196
26.196
26.196
26.196
43.02
43.02
43.02
43.02
29.497
29.497
29.497
29.497
17.195
17.195
17.195
17.195
30.768
30.768
30.768
30.768
40.486
40.486
40.486
40.486
10.74
10.74
10.74
10.74
15.292
15.292
15.292
15.292
16.158
16.158
16.158
16.158
19.095
19.095
19.095
19.095
19.332
19.332
19.332
19.332
18.805
18.805
18.805
18.805
17.392
17.392
17.392
17.392
21.747
21.747
21.747
21.747
24.829
24.829
24.829
24.829
17.4
17.4
17.4
17.4
15.965
15.965
15.965
15.965
20.183
20.183
20.183
20.183
24.188
24.188
24.188
24.188
20.845
20.845
20.845
20.845
23.796
23.796
23.796
23.796
15.405
15.405
15.405
15.405
19.443
19.443
19.443
19.443
28.802
28.802
28.802
28.802
7.331
7.331
7.331
7.331
28.572
28.572
28.572
28.572
23.541
23.541
23.541
23.541
22.388
22.388
22.388
22.388
17.626
17.626
17.626
17.626
30.725
30.725
30.725
30.725
12.016
12.016
12.016
12.016
28.685
28.685
28.685
28.685
16.34
16.34
16.34
16.34
20.595
20.595
20.595
20.595
28.685
28.685
28.685
28.685
