2880
102
122
102
112
78
75
92
60
67
75
75
66
102
88
90
76
71
92
82
80
127
87
78
133
89
64
72
70
65
103
81
72
78
95
66
66
74
74
75
67
62
90
73
65
72
63
96
58
82
70
70
79
63
85
84
48
74
123
62
52
82
83
57
60
101
63
67
61
62
54
77
67
49
50
67
59
75
56
65
100
61
55
83
59
53
120
87
55
75
59
63
83
77
67
79
51
65
67
54
57
61
82
81
76
50
59
44
60
68
79
89
69
93
63
63
58
87
75
74
61
54
81
75
75
109
83
66
142
84
67
108
78
81
62
88
84
82
75
58
101
82
95
63
79
99
74
75
75
56
63
73
66
82
69
80
66
65
76
84
99
59
134
76
84
74
83
93
50
67
66
50
67
64
86
50
80
119
84
98
64
61
108
85
78
103
71
65
52
55
93
81
67
58
93
102
77
63
64
68
73
83
79
63
63
71
63
91
80
61
71
70
66
62
57
73
58
82
80
135
77
84
78
191
115
108
99
71
67
89
92
70
90
78
133
75
95
66
74
100
62
67
95
52
88
61
73
81
61
71
67
58
74
104
66
59
65
78
64
65
120
64
87
93
66
59
84
110
87
69
57
72
68
75
52
76
73
72
61
61
73
64
72
73
78
106
83
52
63
88
63
62
74
52
57
75
60
61
69
104
54
77
62
107
64
57
61
73
67
74
61
81
79
75
69
67
88
127
101
68
67
62
84
55
60
74
68
57
79
56
68
53
74
118
68
89
79
78
52
71
153
55
67
94
57
57
58
65
81
56
89
58
81
59
78
77
61
83
77
55
58
63
86
59
54
92
68
79
53
72
60
107
69
142
68
68
85
69
102
68
56
117
80
82
71
96
75
54
52
94
50
91
74
60
145
65
70
83
95
92
