0.0
0.0
0.0
0.0
0.0
58.883
58.883
58.883
58.883
58.883
29.144
29.144
29.144
29.144
29.144
20.539
20.539
20.539
20.539
20.539
21.521
21.521
21.521
21.521
21.521
23.736
23.736
23.736
23.736
23.736
18.799
18.799
18.799
18.799
18.799
30.138
30.138
30.138
30.138
30.138
26.376
26.376
26.376
26.376
26.376
20.94
20.94
20.94
20.94
20.94
21.245
21.245
21.245
21.245
21.245
20.036
20.036
20.036
20.036
20.036
25.792
25.792
25.792
25.792
25.792
18.375
18.375
18.375
18.375
18.375
28.921
28.921
28.921
28.921
28.921
22.318
22.318
22.318
22.318
22.318
22.848
22.848
22.848
22.848
22.848
26.149
26.149
26.149
26.149
26.149
27.752
27.752
27.752
27.752
27.752
48.116
48.116
48.116
48.116
48.116
44.305
44.305
44.305
44.305
44.305
44.621
44.621
44.621
44.621
44.621
48.761
48.761
48.761
48.761
48.761
44.305
44.305
44.305
44.305
44.305
48.163
48.163
48.163
48.163
48.163
45.893
45.893
45.893
45.893
45.893
57.093
57.093
57.093
57.093
57.093
46.403
46.403
46.403
46.403
46.403
48.313
48.313
48.313
48.313
48.313
48.313
48.313
48.313
48.313
48.313
48.858
48.858
48.858
48.858
48.858
57.013
57.013
57.013
57.013
57.013
47.572
47.572
47.572
47.572
47.572
43.989
43.989
43.989
43.989
43.989
50.435
50.435
50.435
50.435
50.435
43.776
43.776
43.776
43.776
43.776
41.666
41.666
41.666
41.666
41.666
50.622
50.622
50.622
50.622
50.622
43.988
43.988
43.988
43.988
43.988
44.725
44.725
44.725
44.725
44.725
44.821
44.821
44.821
44.821
44.821
19.814
19.814
19.814
19.814
19.814
22.53
22.53
22.53
22.53
22.53
18.837
18.837
18.837
18.837
18.837
19.298
19.298
19.298
19.298
19.298
31.47
31.47
31.47
31.47
31.47
22.94
22.94
22.94
22.94
22.94
23.906
23.906
23.906
23.906
23.906
20.187
20.187
20.187
20.187
20.187
20.74
20.74
20.74
20.74
20.74
27.526
27.526
27.526
27.526
27.526
11.995
11.995
11.995
11.995
11.995
22.698
22.698
22.698
22.698
22.698
24.368
24.368
24.368
24.368
24.368
19.761
19.761
19.761
19.761
19.761
25.404
25.404
25.404
25.404
25.404
16.502
16.502
16.502
16.502
16.502
30.447
30.447
30.447
30.447
30.447
21.546
21.546
21.546
21.546
21.546
19.99
19.99
19.99
19.99
19.99
22.076
22.076
22.076
22.076
22.076
22.584
22.584
22.584
22.584
22.584
26.973
26.973
26.973
26.973
26.973
28.544
28.544
28.544
28.544
28.544
15.589
15.589
15.589
15.589
15.589
28.356
28.356
28.356
28.356
28.356
23.169
23.169
23.169
23.169
23.169
25.095
25.095
25.095
25.095
25.095
21.797
21.797
21.797
21.797
21.797
20.777
20.777
20.777
20.777
20.777
20.97
20.97
20.97
20.97
20.97
21.349
21.349
21.349
21.349
21.349
19.23
19.23
19.23
19.23
19.23
21.953
21.953
21.953
21.953
21.953
19.489
19.489
19.489
19.489
19.489
27.5
27.5
27.5
27.5
27.5
20.795
20.795
20.795
20.795
20.795
23.418
23.418
23.418
23.418
23.418
26.083
26.083
26.083
26.083
26.083
18.929
18.929
18.929
18.929
18.929
20.815
20.815
20.815
20.815
20.815
19.306
19.306
19.306
19.306
19.306
27.572
27.572
27.572
27.572
27.572
37.286
37.286
37.286
37.286
37.286
21.925
21.925
21.925
21.925
21.925
28.176
28.176
28.176
28.176
28.176
17.987
17.987
17.987
17.987
17.987
18.536
18.536
18.536
18.536
18.536
26.461
26.461
26.461
26.461
26.461
17.962
17.962
17.962
17.962
17.962
23.295
23.295
23.295
23.295
23.295
16.344
16.344
16.344
16.344
16.344
16.716
16.716
16.716
16.716
16.716
23.438
23.438
23.438
23.438
23.438
17.311
17.311
17.311
17.311
17.311
19.591
19.591
19.591
19.591
19.591
18.59
18.59
18.59
18.59
18.59
18.855
18.855
18.855
18.855
18.855
24.16
24.16
24.16
24.16
24.16
19.338
19.338
19.338
19.338
19.338
23.535
23.535
23.535
23.535
23.535
17.181
17.181
17.181
17.181
17.181
19.717
19.717
19.717
19.717
19.717
21.178
21.178
21.178
21.178
21.178
15.064
15.064
15.064
15.064
15.064
21.722
21.722
21.722
21.722
21.722
18.617
18.617
18.617
18.617
18.617
31.841
31.841
31.841
31.841
31.841
26.786
26.786
26.786
26.786
26.786
22.413
22.413
22.413
22.413
22.413
23.725
23.725
23.725
23.725
92.251
92.251
92.251
92.251
100.0
100.0
100.0
91.953
91.953
91.953
91.953
91.953
22.212
22.212
22.212
22.212
22.212
24.141
24.141
24.141
24.141
24.141
19.885
19.885
19.885
19.885
19.885
19.657
19.657
19.657
19.657
19.657
25.754
25.754
25.754
25.754
