1128
98
92
103
78
62
63
72
96
126
94
66
65
80
88
96
65
53
80
73
68
52
61
60
65
75
71
85
78
68
51
167
115
54
72
81
73
58
115
83
63
79
62
85
70
85
71
67
64
75
62
73
87
96
72
60
58
88
85
86
80
61
65
91
80
55
69
63
94
59
50
50
73
63
63
70
65
64
57
57
65
87
84
60
77
108
62
55
72
50
53
64
119
58
68
78
58
79
84
59
66
82
55
60
98
71
105
93
97
70
101
78
79
66
61
89
58
76
68
61
73
64
62
85
99
66
90
80
81
66
90
72
72
62
93
68
72
60
52
83
54
56
89
52
81
71
70
58
72
67
46
63
77
71
83
88
53
53
59
57
76
70
53
87
89
58
78
56
101
70
92
60
76
80
64
65
52
60
62
88
79
91
61
104
59
64
59
77
58
65
90
62
99
53
112
66
66
56
64
86
62
45
131
58
74
49
46
76
61
60
59
101
91
54
85
92
54
86
51
60
76
50
69
63
89
67
122
66
84
81
73
76
78
61
70
63
60
65
82
86
84
73
64
82
77
76
72
58
76
59
73
60
60
57
79
79
65
59
101
68
58
65
72
50
93
62
65
60
49
59
71
99
64
77
101
76
72
79
59
51
53
58
76
70
74
57
54
51
56
62
59
83
61
80
75
69
91
60
66
54
56
48
52
52
143
112
81
91
60
67
82
52
63
52
61
48
74
94
68
43
58
53
88
59
62
82
58
54
65
60
62
58
76
70
60
59
43
59
81
114
92
77
55
59
60
72
76
92
109
57
53
84
104
72
47
61
93
74
54
89
65
75
61
105
57
70
80
55
92
70
80
117
49
70
56
71
87
59
102
72
68
55
99
67
61
67
81
63
60
66
67
89
76
78
61
76
54
68
80
54
