0.0
0.0
0.0
0.0
13.411
13.411
13.411
13.411
17.663
17.663
17.663
17.663
29.035
29.035
29.035
29.035
27.759
27.759
27.759
27.759
18.802
18.802
18.802
18.802
16.386
16.386
16.386
16.386
22.777
22.777
22.777
22.777
13.909
13.909
13.909
13.909
18.669
18.669
18.669
18.669
15.47
15.47
15.47
15.47
12.417
12.417
12.417
12.417
23.67
23.67
23.67
23.67
21.879
21.879
21.879
21.879
16.101
16.101
16.101
16.101
20.715
20.715
20.715
20.715
26.642
26.642
26.642
26.642
14.047
14.047
14.047
14.047
17.437
17.437
17.437
17.437
19.183
19.183
19.183
19.183
26.113
26.113
26.113
26.113
26.324
26.324
26.324
26.324
18.429
18.429
18.429
18.429
21.747
21.747
21.747
21.747
16.889
16.889
16.889
16.889
31.063
31.063
31.063
31.063
18.301
18.301
18.301
18.301
12.412
12.412
12.412
12.412
15.472
15.472
15.472
15.472
17.101
17.101
17.101
17.101
18.406
18.406
18.406
18.406
18.406
18.406
18.406
18.406
11.482
11.482
11.482
11.482
19.821
19.821
19.821
19.821
13.916
13.916
13.916
13.916
16.881
16.881
16.881
16.881
12.623
12.623
12.623
12.623
22.26
22.26
22.26
22.26
24.314
24.314
24.314
24.314
10.841
10.841
10.841
10.841
13.267
13.267
13.267
13.267
15.971
15.971
15.971
15.971
11.98
11.98
11.98
11.98
17.9
17.9
17.9
17.9
21.745
21.745
21.745
21.745
19.954
19.954
19.954
19.954
15.973
15.973
15.973
15.973
15.608
15.608
15.608
15.608
16.478
16.478
16.478
16.478
22.249
22.249
22.249
22.249
10.198
10.198
10.198
10.198
15.469
15.469
15.469
15.469
14.051
14.051
14.051
14.051
10.644
10.644
10.644
10.644
15.604
15.604
15.604
15.604
10.846
10.846
10.846
10.846
24.169
24.169
24.169
24.169
12.268
12.268
12.268
12.268
14.687
14.687
14.687
14.687
19.184
19.184
19.184
19.184
12.906
12.906
12.906
12.906
12.849
12.849
12.849
12.849
15.833
15.833
15.833
15.833
20.978
20.978
20.978
20.978
15.328
15.328
15.328
15.328
13.408
13.408
13.408
13.408
38.422
38.422
38.422
38.422
34.043
34.043
34.043
34.043
14.687
14.687
14.687
14.687
16.251
16.251
16.251
16.251
15.607
15.607
15.607
15.607
7.483
7.483
7.483
7.483
12.833
12.833
12.833
12.833
4.93
4.93
4.93
4.93
4.444
4.444
4.444
4.444
10.452
10.452
10.452
10.452
8.324
8.324
8.324
8.324
17.388
17.388
17.388
17.388
17.428
17.428
17.428
17.428
15.213
15.213
15.213
15.213
20.082
20.082
20.082
20.082
17.4
17.4
17.4
17.4
11.184
11.184
11.184
11.184
24.043
24.043
24.043
24.043
12.77
12.77
12.77
