3469
230
140
119
199
112
131
107
107
81
123
96
89
150
105
150
91
134
104
98
82
294
155
137
122
95
107
91
145
95
123
155
161
114
78
152
121
95
91
130
103
147
75
97
78
79
119
87
74
114
100
128
76
112
100
99
86
86
101
139
146
112
133
117
88
82
97
117
147
98
76
197
102
160
107
111
94
92
90
76
125
81
71
98
101
71
83
98
90
174
83
85
144
134
103
73
86
95
61
93
79
85
99
119
94
115
96
83
83
73
117
82
94
105
105
72
74
79
71
75
88
103
193
76
102
90
119
73
66
66
99
76
65
72
80
90
89
61
87
76
96
85
84
92
143
102
80
85
93
68
130
91
71
76
104
106
160
90
110
83
85
67
79
171
87
97
89
76
96
134
94
142
121
93
106
168
116
175
89
140
95
74
67
84
73
143
141
73
72
83
71
98
125
97
95
99
146
86
126
170
85
165
97
86
120
92
79
87
117
78
93
75
67
146
83
85
63
111
92
146
103
132
144
72
92
72
108
83
201
132
112
104
213
103
73
76
85
82
127
135
77
99
120
150
84
106
85
84
94
87
82
135
73
96
100
98
91
101
107
77
119
150
80
153
83
87
88
77
106
174
97
99
81
105
89
65
78
189
81
159
101
107
83
97
73
121
90
94
91
73
71
110
70
102
78
116
107
81
125
75
94
77
83
104
118
115
72
61
70
93
73
108
91
124
77
102
99
111
161
83
85
116
77
272
135
87
71
77
99
121
73
88
116
87
99
117
65
127
108
162
67
95
101
111
77
75
72
73
85
63
89
113
121
79
131
84
114
87
79
63
99
98
108
82
122
83
92
94
95
91
138
95
95
65
70
71
131
104
93
206
101
119
110
141
82
64
112
81
94
101
113
126
118
98
96
99
83
75
98
95
