0.0
0.0
0.0
0.0
0.0
61.823
61.823
61.823
61.823
61.823
26.491
26.491
26.491
26.491
26.491
24.858
24.858
24.858
24.858
24.858
54.659
54.659
54.659
100.0
100.0
100.0
100.0
100.0
100.0
100.0
100.0
56.781
56.781
56.781
56.781
56.781
37.862
37.862
37.862
37.862
37.862
38.258
38.258
38.258
38.258
38.258
33.552
33.552
33.552
33.552
33.552
30.328
30.328
30.328
30.328
30.328
22.431
22.431
22.431
22.431
22.431
17.764
17.764
17.764
17.764
17.764
25.264
25.264
25.264
25.264
25.264
18.844
18.844
18.844
18.844
18.844
16.456
16.456
16.456
16.456
16.456
24.327
24.327
24.327
24.327
24.327
19.303
19.303
19.303
19.303
19.303
19.868
19.868
19.868
19.868
19.868
18.614
18.614
18.614
18.614
18.614
17.033
17.033
17.033
17.033
17.033
26.966
26.966
26.966
26.966
26.966
23.645
23.645
23.645
23.645
23.645
22.85
22.85
22.85
22.85
22.85
20.393
20.393
20.393
20.393
20.393
17.639
17.639
17.639
17.639
17.639
22.562
22.562
22.562
22.562
22.562
21.367
21.367
21.367
21.367
21.367
20.874
20.874
20.874
20.874
20.874
22.133
22.133
22.133
22.133
22.133
23.67
23.67
23.67
23.67
23.67
20.932
20.932
20.932
20.932
20.932
20.052
20.052
20.052
20.052
20.052
22.199
22.199
22.199
22.199
22.199
17.473
17.473
17.473
17.473
17.473
20.307
20.307
20.307
20.307
20.307
23.043
23.043
23.043
23.043
23.043
18.957
18.957
18.957
18.957
18.957
22.651
22.651
22.651
22.651
22.651
21.244
21.244
21.244
21.244
21.244
17.145
17.145
17.145
17.145
17.145
22.733
22.733
22.733
22.733
22.733
17.954
17.954
17.954
17.954
17.954
37.237
37.237
37.237
37.237
37.237
22.821
22.821
22.821
22.821
22.821
22.483
22.483
22.483
22.483
22.483
24.598
24.598
24.598
24.598
24.598
15.018
15.018
15.018
15.018
15.018
18.719
18.719
18.719
18.719
18.719
21.504
21.504
21.504
21.504
21.504
19.579
19.579
19.579
19.579
