1510
124
86
70
68
2300
82
86
103
74
65
62
132
71
70
85
98
61
120
98
52
79
59
89
408
70
130
101
64
137
75
73
60
71
74
59
75
86
58
56
49
52
237
115
50
55
71
112
64
68
63
53
62
80
65
55
66
62
67
64
113
77
56
84
70
71
57
107
73
68
52
74
79
79
72
60
83
65
54
84
55
62
58
92
69
79
75
61
75
74
51
87
104
85
86
102
89
48
52
123
69
82
57
57
58
85
55
70
51
80
57
81
76
65
78
69
64
53
68
59
74
64
64
66
57
128
117
49
63
52
111
57
70
61
67
91
72
78
58
86
63
107
58
61
96
56
64
47
91
46
88
56
60
84
73
63
80
55
79
58
62
56
74
68
74
63
58
69
70
67
66
49
59
68
70
61
55
95
63
63
55
88
121
76
66
50
82
49
66
55
62
89
82
102
91
