0.0
0.0
0.0
0.0
35.632
35.632
35.632
35.632
27.428
27.428
27.428
27.428
23.655
23.655
23.655
23.655
31.139
31.139
31.139
31.139
21.112
21.112
21.112
21.112
25.171
25.171
25.171
25.171
16.933
16.933
16.933
16.933
18.696
18.696
18.696
18.696
20.476
20.476
20.476
20.476
17.426
17.426
17.426
17.426
15.933
15.933
15.933
15.933
25.924
25.924
25.924
25.924
11.981
11.981
11.981
11.981
10.693
10.693
10.693
10.693
13.623
13.623
13.623
13.623
7.825
7.825
7.825
7.825
13.952
13.952
13.952
13.952
19.977
19.977
19.977
19.977
32.361
32.361
32.361
32.361
20.475
20.475
20.475
20.475
18.197
18.197
18.197
18.197
22.002
22.002
22.002
22.002
16.294
16.294
16.294
16.294
15.661
15.661
15.661
15.661
23.392
23.392
23.392
23.392
22.508
22.508
22.508
22.508
14.727
14.727
14.727
14.727
17.198
17.198
17.198
17.198
21.004
21.004
21.004
21.004
14.392
14.392
14.392
15.648
15.648
15.648
15.648
16.515
16.515
16.515
16.515
16.66
16.66
16.66
16.66
28.86
28.86
28.86
28.86
17.801
17.801
17.801
17.801
16.792
16.792
16.792
16.792
24.413
24.413
24.413
24.413
16.158
16.158
16.158
16.158
16.158
16.158
16.158
16.158
21.24
21.24
21.24
21.24
14.885
14.885
14.885
14.885
16.811
16.811
16.811
16.811
19.557
19.557
19.557
19.557
10.545
10.545
10.545
10.545
14.276
14.276
14.276
14.276
12.327
12.327
12.327
12.327
8.96
8.96
8.96
8.96
11.752
11.752
11.752
11.752
12.49
12.49
12.49
12.49
7.715
7.715
7.715
7.715
13.481
13.481
13.481
13.481
8.163
8.163
8.163
8.163
5.915
5.915
5.915
5.915
12.188
12.188
12.188
12.188
7.941
7.941
7.941
7.941
9.904
9.904
9.904
9.904
20.975
20.975
20.975
20.975
14.691
14.691
14.691
14.691
15.196
15.196
15.196
15.196
22.127
22.127
22.127
22.127
34.679
34.679
34.679
34.679
12.279
12.279
12.279
12.279
7.508
7.508
7.508
7.508
5.42
5.42
5.42
5.42
9.755
9.755
9.755
9.755
8.664
8.664
8.664
8.664
25.087
