2893
124
91
79
109
114
82
114
72
69
123
75
90
73
106
86
88
199
75
105
73
69
82
102
86
75
73
70
96
89
65
141
84
61
100
206
63
123
81
107
87
110
90
80
142
80
94
68
96
76
69
58
68
99
147
158
100
69
66
79
72
67
65
99
85
80
59
69
63
59
83
77
72
66
57
87
64
74
80
76
59
103
56
75
56
80
63
67
55
79
62
110
113
71
58
51
65
63
89
61
83
98
70
65
65
56
98
112
67
100
62
80
76
77
55
90
64
65
58
73
73
70
79
109
62
68
61
68
100
74
93
66
64
65
98
80
68
77
68
74
82
75
60
75
95
72
73
68
97
79
65
105
77
92
74
125
166
98
91
76
105
74
103
66
81
61
71
67
58
63
88
60
66
77
71
111
63
68
83
59
66
71
74
85
71
59
57
73
80
100
71
80
66
58
70
142
69
58
54
102
62
80
55
105
105
122
88
66
64
57
54
71
85
65
91
65
80
70
66
89
59
60
75
78
85
115
82
62
72
65
57
75
74
66
82
58
81
71
70
72
72
77
67
64
63
98
64
70
82
67
65
48
60
68
66
89
81
65
112
52
62
60
53
68
68
70
57
59
59
71
83
90
52
56
73
62
50
62
66
87
97
76
59
60
79
61
87
67
96
71
66
54
72
64
65
61
58
83
58
87
56
64
55
66
54
79
61
96
57
116
55
76
106
77
85
91
62
117
72
58
64
68
76
75
68
72
78
83
118
66
125
115
61
129
89
64
77
106
81
131
86
71
74
96
69
64
78
93
57
71
121
67
52
74
82
118
69
96
69
97
91
67
106
97
123
109
132
115
143
69
72
93
100
64
124
89
75
90
61
95
90
93
90
70
64
142
88
95
78
85
74
72
67
102
69
91
122
86
166
120
