0.0
0.0
0.0
0.0
0.0
30.752
30.752
30.752
30.752
30.752
26.24
26.24
26.24
26.24
26.24
37.146
37.146
37.146
37.146
37.146
36.019
36.019
36.019
36.019
36.019
22.625
22.625
22.625
22.625
22.625
34.648
34.648
34.648
34.648
34.648
23.831
23.831
23.831
23.831
23.831
22.775
22.775
22.775
22.775
22.775
18.434
18.434
18.434
18.434
18.434
31.508
31.508
31.508
31.508
31.508
16.456
16.456
16.456
16.456
16.456
63.05
63.05
63.05
63.05
63.05
27.602
27.602
27.602
27.602
27.602
24.734
24.734
24.734
24.734
24.734
20.971
20.971
20.971
20.971
20.971
27.133
27.133
27.133
27.133
27.133
31.644
31.644
31.644
31.644
31.644
17.64
17.64
17.64
17.64
17.64
44.194
44.194
44.194
44.194
44.194
22.785
22.785
22.785
22.785
22.785
22.478
22.478
22.478
22.478
22.478
14.862
14.862
14.862
14.862
14.862
21.421
21.421
21.421
21.421
21.421
17.92
17.92
17.92
17.92
17.92
12.959
12.959
12.959
12.959
12.959
21.274
21.274
21.274
21.274
21.274
21.129
21.129
21.129
21.129
21.129
15.858
15.858
15.858
15.858
15.858
11.939
11.939
11.939
11.939
11.939
24.207
24.207
24.207
24.207
24.207
21.725
21.725
21.725
21.725
21.725
18.376
18.376
18.376
18.376
18.376
15.701
15.701
15.701
15.701
15.701
17.279
17.279
17.279
17.279
17.279
17.568
17.568
