2949
128
83
79
78
3673
84
97
57
75
83
92
83
83
981
72
89
68
68
70
107
92
90
70
282
84
112
86
74
102
87
87
110
103
82
65
81
66
119
102
54
81
929
79
72
61
61
112
97
91
79
110
119
81
116
133
67
59
60
66
74
70
73
64
94
56
69
67
70
73
111
71
52
71
72
71
64
70
74
52
74
68
74
54
82
77
77
60
82
53
67
51
63
72
56
74
53
54
103
67
65
65
53
58
71
63
59
48
99
73
68
65
85
99
76
74
67
65
63
67
63
70
86
86
101
83
102
65
100
129
82
85
55
80
68
70
62
101
77
86
72
54
60
66
81
57
56
97
64
61
60
61
72
74
74
61
87
80
66
111
89
63
55
61
93
55
56
80
87
88
63
64
79
60
54
59
54
70
54
91
102
57
59
62
73
107
50
189
92
77
59
47
72
54
