0.0
0.0
0.0
0.0
0.0
38.401
38.401
38.401
38.401
38.401
30.759
30.759
30.759
30.759
30.759
24.347
24.347
24.347
24.347
24.347
23.229
23.229
23.229
23.229
23.229
28.909
28.909
28.909
28.909
28.909
16.726
16.726
16.726
16.726
16.726
29.179
29.179
29.179
29.179
29.179
17.211
17.211
17.211
17.211
17.211
29.656
29.656
29.656
29.656
29.656
23.835
23.835
23.835
23.835
23.835
32.521
32.521
32.521
32.521
32.521
20.512
20.512
20.512
20.512
20.512
18.832
18.832
18.832
18.832
18.832
39.557
39.557
39.557
39.557
39.557
21.118
21.118
21.118
21.118
21.118
22.472
22.472
22.472
22.472
22.472
15.437
15.437
15.437
15.437
15.437
18.002
18.002
18.002
18.002
18.002
23.975
23.975
23.975
23.975
23.975
15.604
15.604
15.604
15.604
15.604
35.641
35.641
35.641
35.641
35.641
24.823
24.823
24.823
24.823
24.823
19.465
19.465
19.465
19.465
19.465
31.15
31.15
31.15
31.15
31.15
13.193
13.193
13.193
13.193
13.193
24.508
24.508
24.508
24.508
24.508
14.038
14.038
14.038
14.038
14.038
11.008
11.008
11.008
11.008
11.008
13.278
13.278
13.278
13.278
13.278
24.128
24.128
24.128
24.128
24.128
12.185
12.185
12.185
12.185
12.185
10.606
10.606
10.606
10.606
10.606
16.299
16.299
16.299
16.299
16.299
18.493
18.493
18.493
18.493
18.493
26.758
26.758
26.758
26.758
26.758
15.585
15.585
15.585
15.585
15.585
19.423
19.423
19.423
19.423
19.423
13.452
13.452
13.452
13.452
13.452
15.6
15.6
15.6
15.6
15.6
15.579
15.579
15.579
15.579
15.579
20.034
20.034
20.034
20.034
20.034
12.086
12.086
12.086
12.086
12.086
21.88
21.88
21.88
21.88
21.88
16.839
16.839
16.839
16.839
16.839
21.258
21.258
21.258
21.258
21.258
22.942
22.942
22.942
22.942
22.942
13.196
13.196
13.196
13.196
13.196
17.603
17.603
17.603
17.603
17.603
21.88
21.88
21.88
21.88
21.88
20.969
20.969
20.969
20.969
20.969
17.319
17.319
17.319
17.319
17.319
31.494
31.494
31.494
31.494
31.494
23.707
23.707
23.707
23.707
23.707
13.192
13.192
13.192
13.192
13.192
41.335
41.335
41.335
41.335
41.335
41.139
41.139
41.139
41.139
41.139
19.891
19.891
19.891
19.891
19.891
17.765
17.765
17.765
17.765
17.765
17.442
17.442
17.442
17.442
17.442
18.519
18.519
18.519
18.519
18.519
14.219
14.219
14.219
14.219
14.219
15.31
15.31
15.31
15.31
15.31
16.403
16.403
16.403
16.403
16.403
22.692
22.692
22.692
22.692
22.692
12.625
12.625
12.625
12.625
12.625
14.986
14.986
14.986
14.986
14.986
17.762
17.762
17.762
17.762
17.762
14.21
14.21
14.21
14.21
14.21
18.046
18.046
18.046
18.046
18.046
16.512
16.512
16.512
16.512
16.512
13.114
13.114
13.114
13.114
13.114
18.963
18.963
18.963
18.963
18.963
18.379
18.379
18.379
18.379
18.379
16.074
16.074
16.074
16.074
16.074
13.787
13.787
13.787
13.787
13.787
13.115
13.115
13.115
13.115
13.115
17.409
17.409
17.409
17.409
17.409
21.569
21.569
21.569
21.569
21.569
8.448
8.448
8.448
8.448
8.448
18.969
18.969
18.969
18.969
18.969
