2963
75
86
3295
83
66
81
72
105
174
79
81
119
101
80
118
207
136
85
103
112
103
77
90
91
125
105
75
93
86
100
74
136
95
54
84
76
139
86
60
106
64
101
56
94
70
147
72
89
74
81
73
79
75
73
96
82
68
95
85
79
110
127
62
69
89
74
100
81
73
91
62
150
55
64
60
97
68
67
70
74
66
54
71
91
74
91
80
50
95
189
75
55
80
67
80
107
91
78
80
86
96
81
70
84
95
92
104
123
57
110
115
93
85
62
92
95
65
63
90
83
62
69
82
83
97
63
66
88
82
107
68
104
69
81
83
81
118
102
70
123
73
97
77
150
70
73
75
72
74
113
74
60
77
67
129
141
77
81
91
60
91
85
81
91
99
65
67
108
71
97
56
62
75
83
98
82
86
72
86
58
89
73
75
94
169
78
104
107
82
61
63
61
82
72
61
70
74
61
67
68
99
90
66
78
85
126
76
78
71
101
88
65
60
85
59
88
75
70
76
63
63
67
107
81
70
61
106
55
52
56
72
74
60
68
63
61
73
78
61
60
61
69
70
65
99
55
58
76
69
74
108
89
63
54
97
54
89
78
82
82
79
84
65
71
87
79
63
103
105
75
98
98
90
69
73
98
75
64
74
64
80
65
55
95
70
57
66
61
57
118
71
92
69
63
86
86
80
83
83
72
135
103
69
71
97
79
67
99
61
84
55
67
110
86
51
121
72
95
94
63
71
83
61
77
73
90
72
85
81
110
61
59
56
96
93
54
99
71
68
98
109
122
81
91
79
65
71
71
71
76
68
72
68
128
136
81
68
69
80
89
92
69
170
108
96
107
90
88
61
104
91
114
75
74
79
57
62
68
85
65
74
122
78
71
104
80
92
69
69
78
77
72
114
87
70
75
