0.0
0.0
0.0
0.0
0.0
53.158
53.158
53.158
53.158
53.158
26.746
26.746
26.746
26.746
26.746
18.066
18.066
18.066
18.066
18.066
21.013
21.013
21.013
21.013
21.013
33.216
33.216
33.216
33.216
33.216
19.544
19.544
19.544
19.544
19.544
29.226
29.226
29.226
29.226
29.226
20.627
20.627
20.627
20.627
20.627
23.451
23.451
23.451
23.451
23.451
24.58
24.58
24.58
24.58
24.58
21.318
21.318
21.318
21.318
21.318
24.216
24.216
24.216
24.216
92.216
92.216
92.216
92.216
100.0
100.0
100.0
100.0
82.159
82.159
82.159
82.159
82.159
41.038
41.038
41.038
41.038
41.038
22.561
22.561
22.561
22.561
22.561
18.536
18.536
18.536
18.536
18.536
24.354
24.354
24.354
24.354
24.354
25.939
25.939
25.939
25.939
25.939
16.192
16.192
16.192
16.192
16.192
21.165
21.165
21.165
21.165
21.165
20.718
20.718
20.718
20.718
20.718
17.785
17.785
17.785
17.785
17.785
29.59
29.59
29.59
29.59
29.59
24.851
24.851
24.851
24.851
24.851
24.18
24.18
24.18
24.18
24.18
17.409
17.409
17.409
17.409
17.409
21.257
21.257
21.257
21.257
21.257
22.082
22.082
22.082
22.082
22.082
18.294
18.294
18.294
18.294
18.294
15.843
15.843
15.843
15.843
15.843
19.132
19.132
19.132
19.132
19.132
18.524
18.524
18.524
18.524
18.524
22.981
22.981
22.981
22.981
22.981
24.305
24.305
24.305
24.305
24.305
26.226
26.226
26.226
26.226
26.226
21.288
21.288
21.288
21.288
21.288
25.827
25.827
25.827
25.827
25.827
21.83
21.83
21.83
21.83
21.83
16.178
16.178
16.178
16.178
16.178
24.623
24.623
24.623
24.623
24.623
23.704
23.704
23.704
23.704
23.704
29.75
29.75
29.75
29.75
29.75
15.025
15.025
15.025
15.025
15.025
18.694
18.694
18.694
18.694
18.694
24.886
24.886
24.886
24.886
24.886
19.993
19.993
19.993
19.993
19.993
24.69
24.69
24.69
24.69
24.69
23.806
23.806
23.806
23.806
23.806
19.285
19.285
19.285
19.285
19.285
20.667
20.667
20.667
20.667
20.667
20.572
20.572
20.572
20.572
20.572
35.543
35.543
35.543
35.543
35.543
18.803
18.803
18.803
18.803
18.803
25.263
25.263
25.263
25.263
25.263
18.663
18.663
18.663
18.663
18.663
18.997
18.997
18.997
18.997
18.997
22.352
22.352
22.352
22.352
22.352
19.15
19.15
19.15
19.15
19.15
18.829
18.829
18.829
18.829
18.829
21.391
21.391
21.391
21.391
21.391
24.289
24.289
24.289
24.289
24.289
24.548
24.548
24.548
24.548
24.548
25.309
25.309
25.309
25.309
25.309
24.043
24.043
24.043
24.043
24.043
36.543
36.543
36.543
36.543
36.543
17.869
17.869
17.869
17.869
17.869
18.503
18.503
18.503
18.503
18.503
20.774
20.774
20.774
20.774
20.774
15.195
15.195
15.195
15.195
15.195
22.948
22.948
22.948
22.948
22.948
38.773
38.773
38.773
38.773
38.773
25.376
25.376
25.376
25.376
25.376
20.004
20.004
20.004
20.004
20.004
26.661
26.661
26.661
26.661
26.661
21.486
21.486
21.486
21.486
21.486
28.737
28.737
28.737
28.737
28.737
20.188
20.188
20.188
20.188
20.188
25.196
25.196
25.196
25.196
25.196
19.461
19.461
19.461
19.461
19.461
26.915
26.915
26.915
26.915
26.915
18.655
18.655
18.655
18.655
18.655
26.752
26.752
26.752
26.752
26.752
19.07
19.07
19.07
19.07
19.07
17.996
17.996
17.996
17.996
17.996
20.326
20.326
20.326
20.326
20.326
32.748
32.748
32.748
32.748
32.748
20.083
20.083
20.083
20.083
20.083
18.559
18.559
18.559
18.559
18.559
17.917
17.917
17.917
17.917
17.917
25.636
25.636
25.636
25.636
25.636
22.67
22.67
22.67
22.67
22.67
21.21
21.21
21.21
21.21
21.21
23.394
23.394
23.394
23.394
23.394
31.621
31.621
31.621
31.621
31.621
23.148
23.148
23.148
23.148
23.148
24.77
24.77
24.77
24.77
24.77
20.661
20.661
20.661
20.661
20.661
20.319
20.319
20.319
20.319
20.319
25.829
25.829
25.829
25.829
25.829
29.862
29.862
29.862
29.862
29.862
24.904
24.904
24.904
24.904
24.904
18.482
18.482
18.482
18.482
18.482
28.537
28.537
28.537
28.537
28.537
19.831
19.831
19.831
19.831
19.831
18.665
18.665
18.665
18.665
18.665
18.026
18.026
18.026
18.026
18.026
17.818
17.818
17.818
17.818
17.818
23.885
23.885
23.885
23.885
23.885
23.119
23.119
23.119
23.119
23.119
25.756
25.756
25.756
25.756
25.756
20.931
20.931
20.931
20.931
20.931
19.558
19.558
19.558
19.558
19.558
25.563
25.563
25.563
25.563
25.563
20.326
20.326
