1131
87
92
106
99
84
115
72
76
65
72
69
121
51
70
87
96
60
67
59
91
74
66
88
59
82
56
63
70
70
60
103
64
78
64
69
76
81
67
79
81
57
67
98
62
76
58
61
79
77
69
64
74
53
87
67
77
62
57
56
86
54
71
80
102
71
92
71
50
62
51
58
51
66
59
57
63
100
52
64
72
50
59
81
69
74
73
84
51
73
81
83
102
56
62
68
60
81
55
65
74
55
64
68
85
99
130
59
77
60
74
62
52
87
76
56
59
50
68
61
65
147
68
80
72
79
84
55
47
61
54
71
65
62
97
50
58
54
46
82
109
68
59
69
89
67
68
120
64
87
75
81
92
56
56
52
56
55
77
63
61
75
65
76
68
74
64
67
68
75
77
92
95
59
71
49
58
60
58
62
54
59
65
65
49
70
69
54
77
63
122
71
55
46
62
56
64
53
74
62
52
57
73
73
88
86
97
64
113
72
62
62
51
62
80
47
62
77
89
66
92
60
69
60
62
79
69
90
56
61
82
64
76
55
72
66
95
70
79
87
115
100
53
51
86
63
77
48
89
72
64
58
81
69
101
55
54
58
72
65
60
59
61
56
58
53
63
52
73
55
54
78
75
69
66
87
63
59
60
62
80
69
68
75
65
63
95
123
72
75
81
63
71
77
62
70
63
92
63
67
76
73
81
102
63
54
68
98
82
51
57
53
98
60
79
74
73
53
56
72
74
95
59
92
55
76
79
65
97
60
62
60
57
61
73
68
57
92
64
60
63
60
75
86
62
53
66
126
46
65
68
53
77
71
56
49
56
124
70
59
74
48
108
56
60
78
81
54
75
72
55
169
64
70
57
60
52
55
65
111
51
63
66
59
64
45
63
79
59
81
56
57
57
60
70
64
63
54
56
79
