0.0
0.0
0.0
0.0
0.0
55.425
55.425
55.425
55.425
55.425
28.81
28.81
28.81
28.81
28.81
79.787
79.787
79.787
100.0
100.0
100.0
80.619
80.619
80.619
80.619
80.619
32.679
32.679
32.679
32.679
32.679
42.406
42.406
42.406
42.406
42.406
40.711
40.711
40.711
40.711
40.711
28.113
28.113
28.113
28.113
28.113
39.513
39.513
39.513
39.513
39.513
24.286
24.286
24.286
24.286
24.286
31.07
31.07
31.07
31.07
31.07
22.807
22.807
22.807
22.807
22.807
25.648
25.648
25.648
25.648
25.648
23.689
23.689
23.689
23.689
23.689
20.037
20.037
20.037
20.037
20.037
24.064
24.064
24.064
24.064
24.064
15.143
15.143
15.143
15.143
15.143
22.087
22.087
22.087
22.087
22.087
20.973
20.973
20.973
20.973
20.973
17.52
17.52
17.52
17.52
17.52
18.55
18.55
18.55
18.55
18.55
22.807
22.807
22.807
22.807
22.807
15.964
15.964
15.964
15.964
15.964
44.09
44.09
44.09
44.09
44.09
31.646
31.646
31.646
31.646
31.646
41.595
41.595
41.595
41.595
41.595
28.405
28.405
28.405
28.405
28.405
28.616
28.616
28.616
28.616
28.616
18.951
18.951
18.951
18.951
18.951
23.846
23.846
23.846
23.846
23.846
34.852
34.852
34.852
34.852
34.852
22.558
22.558
22.558
22.558
22.558
22.139
22.139
22.139
22.139
22.139
38.954
38.954
38.954
38.954
38.954
26.145
26.145
26.145
26.145
26.145
20.33
20.33
20.33
20.33
20.33
23.073
23.073
23.073
23.073
23.073
20.657
20.657
20.657
20.657
20.657
21.489
21.489
21.489
21.489
21.489
22.543
22.543
22.543
22.543
22.543
19.879
19.879
19.879
19.879
19.879
16.25
16.25
16.25
16.25
16.25
32.398
32.398
32.398
32.398
32.398
26.323
26.323
26.323
26.323
26.323
71.35
71.35
71.35
71.35
71.35
43.394
43.394
43.394
43.394
43.394
23.959
23.959
23.959
23.959
23.959
27.802
27.802
27.802
27.802
27.802
19.385
19.385
19.385
19.385
19.385
17.496
17.496
17.496
17.496
17.496
19.076
19.076
19.076
19.076
19.076
20.045
