1489
77
70
66
102
2526
96
81
148
73
80
67
64
78
79
212
147
77
59
74
70
68
86
70
75
63
98
148
94
70
81
93
68
78
103
98
74
60
59
96
79
85
62
64
56
64
95
62
54
70
85
69
99
114
80
59
74
52
79
62
100
70
74
59
72
66
67
69
72
76
63
165
62
68
95
109
130
68
63
80
92
61
86
94
70
64
67
62
91
67
56
60
102
93
86
86
57
58
76
82
108
112
60
52
61
97
62
54
77
75
53
77
68
58
77
53
67
62
90
74
72
60
72
65
73
70
56
68
67
61
58
115
69
64
72
62
66
56
52
79
45
54
77
59
85
60
70
56
58
67
68
89
61
95
113
105
66
58
99
86
68
80
70
83
59
63
57
64
65
69
65
76
76
77
65
57
63
107
78
56
81
76
96
68
66
66
75
70
60
73
60
64
60
82
