100.0
100.0
100.0
100.0
100.0
25.454
25.454
25.454
25.454
25.454
24.129
24.129
24.129
24.129
24.129
24.127
24.127
24.127
24.127
24.127
18.87
18.87
18.87
18.87
18.87
15.969
15.969
15.969
15.969
15.969
17.96
17.96
17.96
17.96
17.96
13.443
13.443
13.443
13.443
13.443
16.619
16.619
16.619
16.619
16.619
22.327
22.327
22.327
22.327
22.327
20.526
20.526
20.526
20.526
20.526
12.69
12.69
12.69
12.69
12.69
21.875
21.875
21.875
21.875
21.875
23.836
23.836
23.836
23.836
23.836
28.852
28.852
28.852
28.852
28.852
19.153
19.153
19.153
19.153
19.153
20.667
20.667
20.667
20.667
20.667
16.617
16.617
16.617
16.617
16.617
30.888
30.888
30.888
30.888
