0.0
0.0
0.0
0.0
0.0
60.483
60.483
60.483
60.483
60.483
47.236
47.236
47.236
47.236
47.236
69.084
69.084
100.0
100.0
100.0
89.566
89.566
89.566
89.566
89.566
48.413
48.413
48.413
48.413
48.413
32.328
32.328
32.328
32.328
32.328
23.907
23.907
23.907
23.907
23.907
27.258
27.258
27.258
27.258
27.258
18.863
18.863
18.863
18.863
18.863
28.59
28.59
28.59
28.59
28.59
19.843
19.843
19.843
19.843
19.843
18.378
18.378
18.378
18.378
18.378
29.061
29.061
29.061
29.061
29.061
27.534
27.534
27.534
27.534
27.534
21.222
21.222
21.222
21.222
21.222
26.924
26.924
26.924
26.924
26.924
14.094
14.094
14.094
14.094
14.094
19.154
19.154
19.154
19.154
19.154
19.292
19.292
19.292
19.292
19.292
16.559
16.559
16.559
16.559
16.559
19.837
19.837
19.837
19.837
19.837
20.699
20.699
20.699
20.699
20.699
23.773
23.773
23.773
23.773
23.773
22.603
22.603
22.603
22.603
22.603
15.108
15.108
15.108
15.108
15.108
28.292
28.292
28.292
28.292
28.292
16.028
16.028
16.028
16.028
16.028
15.435
15.435
15.435
15.435
15.435
18.224
18.224
18.224
18.224
18.224
19.585
19.585
19.585
19.585
19.585
37.025
37.025
37.025
37.025
37.025
16.784
16.784
16.784
16.784
16.784
28.218
28.218
28.218
28.218
28.218
19.383
19.383
19.383
19.383
19.383
18.617
18.617
18.617
18.617
18.617
15.776
15.776
15.776
15.776
15.776
20.917
20.917
20.917
20.917
20.917
16.318
16.318
16.318
16.318
16.318
18.21
18.21
18.21
18.21
18.21
18.473
18.473
18.473
18.473
18.473
18.459
18.459
18.459
18.459
18.459
21.448
21.448
21.448
21.448
21.448
24.038
24.038
24.038
24.038
24.038
13.127
13.127
13.127
13.127
13.127
29.505
29.505
29.505
29.505
29.505
22.695
22.695
22.695
22.695
22.695
35.845
35.845
35.845
35.845
35.845
27.197
27.197
27.197
27.197
27.197
20.998
20.998
20.998
20.998
20.998
21.28
21.28
21.28
21.28
21.28
14.98
14.98
14.98
14.98
14.98
23.274
23.274
23.274
23.274
23.274
16.123
16.123
16.123
16.123
16.123
22.727
22.727
22.727
22.727
22.727
21.901
21.901
21.901
21.901
21.901
18.223
18.223
18.223
18.223
18.223
14.245
14.245
14.245
14.245
14.245
21.54
21.54
21.54
21.54
21.54
15.407
15.407
15.407
15.407
15.407
13.9
13.9
13.9
13.9
13.9
25.426
25.426
25.426
25.426
25.426
13.966
13.966
13.966
13.966
13.966
16.835
16.835
16.835
16.835
16.835
19.492
19.492
19.492
19.492
19.492
22.406
22.406
22.406
22.406
22.406
16.036
16.036
16.036
16.036
16.036
19.619
19.619
19.619
19.619
19.619
15.547
15.547
15.547
15.547
15.547
25.307
25.307
25.307
25.307
25.307
21.524
21.524
21.524
21.524
21.524
21.844
21.844
21.844
21.844
21.844
22.698
22.698
22.698
22.698
22.698
23.437
23.437
23.437
23.437
23.437
24.599
24.599
24.599
24.599
24.599
14.277
14.277
14.277
14.277
14.277
21.44
21.44
21.44
21.44
21.44
20.483
20.483
20.483
20.483
20.483
18.319
18.319
18.319
18.319
18.319
19.221
19.221
19.221
19.221
19.221
19.836
19.836
19.836
19.836
19.836
16.497
16.497
16.497
16.497
16.497
22.107
22.107
22.107
22.107
22.107
19.206
19.206
19.206
19.206
19.206
23.311
23.311
23.311
23.311
23.311
28.218
28.218
28.218
28.218
28.218
25.247
25.247
25.247
25.247
25.247
14.454
14.454
14.454
14.454
14.454
17.688
17.688
17.688
17.688
17.688
21.906
21.906
21.906
21.906
21.906
17.221
17.221
17.221
17.221
17.221
17.668
17.668
17.668
17.668
17.668
29.571
29.571
29.571
29.571
29.571
22.517
22.517
22.517
22.517
22.517
17.464
17.464
17.464
17.464
17.464
19.602
19.602
19.602
19.602
19.602
26.068
26.068
26.068
26.068
26.068
19.552
19.552
19.552
19.552
19.552
20.844
20.844
20.844
20.844
20.844
28.245
28.245
28.245
28.245
28.245
15.71
15.71
15.71
15.71
15.71
21.918
21.918
21.918
21.918
21.918
19.882
19.882
19.882
19.882
19.882
21.155
21.155
21.155
21.155
21.155
31.882
31.882
31.882
31.882
31.882
36.203
36.203
36.203
36.203
36.203
21.277
21.277
21.277
21.277
21.277
17.422
17.422
17.422
17.422
17.422
17.225
17.225
17.225
17.225
17.225
21.122
21.122
21.122
21.122
21.122
21.811
21.811
21.811
21.811
21.811
20.516
20.516
20.516
20.516
20.516
18.97
18.97
18.97
18.97
18.97
19.316
19.316
19.316
19.316
19.316
53.297
53.297
53.297
100.0
100.0
100.0
100.0
70.687
70.687
70.687
70.687
70.687
55.75
55.75
55.75
55.75
100.0
100.0
100.0
100.0
100.0
36.885
36.885
36.885
36.885
36.885
26.68
26.68
