1396
92
102
90
2018
82
84
129
132
91
77
90
71
84
76
108
66
64
66
79
81
68
94
78
77
79
69
70
72
66
60
63
76
91
90
72
84
90
75
73
60
96
62
79
104
62
61
56
60
93
65
72
63
66
65
80
120
92
108
91
82
74
70
75
119
67
102
76
78
73
71
68
92
54
62
109
94
94
62
74
63
91
69
69
78
96
76
68
64
86
89
70
62
73
116
62
82
105
77
87
73
84
50
78
54
62
92
86
88
64
88
65
53
84
115
128
79
64
100
89
71
56
69
69
65
88
91
83
129
77
84
67
64
88
87
55
65
50
65
79
60
61
67
77
180
92
74
65
53
71
83
87
70
86
104
80
61
79
61
74
78
75
73
63
91
96
84
80
65
70
58
76
83
61
64
94
67
106
80
53
69
122
54
114
78
53
64
105
74
69
56
87
73
60
126
101
70
96
62
76
163
82
80
135
59
83
72
90
119
76
84
60
73
82
62
62
88
93
93
98
57
78
89
98
54
57
55
67
59
62
59
53
62
84
130
75
63
88
57
81
129
57
79
68
85
81
69
60
75
71
73
112
98
68
103
69
72
70
62
60
118
85
75
80
78
72
52
103
62
63
63
54
62
92
86
59
60
64
68
56
67
63
86
59
72
69
70
84
85
80
87
80
62
74
82
89
117
86
103
68
70
78
81
68
60
67
69
95
79
85
88
81
88
81
72
87
64
74
60
80
92
88
62
68
91
99
67
89
71
145
73
80
76
67
70
94
62
75
78
83
58
66
70
92
67
96
63
65
63
93
65
95
77
114
101
66
88
73
91
68
66
62
75
65
69
107
81
89
61
63
107
90
61
149
88
71
76
69
87
60
90
96
58
78
57
81
72
91
61
96
69
111
57
83
62
88
106
69
