0.0
0.0
0.0
0.0
0.0
39.684
39.684
39.684
39.684
39.684
30.893
30.893
30.893
30.893
30.893
34.896
34.896
34.896
34.896
34.896
31.021
31.021
31.021
31.021
31.021
27.085
27.085
27.085
27.085
27.085
48.462
48.462
48.462
48.462
48.462
33.142
33.142
33.142
33.142
33.142
21.573
21.573
21.573
21.573
21.573
18.562
18.562
18.562
18.562
18.562
16.294
16.294
16.294
16.294
16.294
21.266
21.266
21.266
21.266
21.266
18.587
18.587
18.587
18.587
18.587
27.137
27.137
27.137
27.137
27.137
19.617
19.617
19.617
19.617
19.617
29.732
29.732
29.732
29.732
29.732
22.481
22.481
22.481
22.481
22.481
21.271
21.271
21.271
21.271
21.271
15.538
15.538
15.538
15.538
15.538
19.155
19.155
19.155
19.155
19.155
17.527
17.527
17.527
17.527
17.527
16.939
16.939
16.939
16.939
16.939
26.014
26.014
26.014
26.014
26.014
28.024
28.024
28.024
28.024
28.024
19.382
19.382
19.382
19.382
19.382
21.577
21.577
21.577
21.577
21.577
18.12
18.12
18.12
18.12
18.12
14.477
14.477
14.477
14.477
14.477
22.152
22.152
22.152
22.152
22.152
15.277
15.277
15.277
15.277
15.277
14.529
14.529
14.529
14.529
14.529
15.18
15.18
15.18
