2907
90
115
68
3454
107
62
67
91
104
78
82
60
59
61
298
103
89
77
83
66
56
76
64
253
98
69
76
61
66
81
89
56
63
73
54
61
129
100
61
56
90
59
124
626
61
57
68
74
49
57
82
70
60
59
69
75
82
49
66
101
66
65
78
54
66
64
72
53
105
80
74
62
63
54
84
83
83
75
64
106
63
95
77
57
58
105
100
60
114
50
59
59
58
84
59
47
56
76
57
59
66
99
71
106
75
81
54
65
69
66
59
127
74
56
76
81
95
61
61
72
72
62
52
60
112
82
132
51
66
55
67
54
65
72
60
101
91
72
66
74
65
60
104
68
57
54
62
63
75
67
60
107
56
132
77
63
55
65
52
64
60
100
93
75
63
64
66
64
80
56
71
60
82
69
67
70
68
61
63
86
76
90
118
77
67
59
62
143
71
74
91
56
