0.0
0.0
0.0
0.0
0.0
62.941
62.941
62.941
62.941
62.941
19.812
19.812
19.812
19.812
19.812
30.756
30.756
30.756
30.756
30.756
31.502
31.502
31.502
31.502
31.502
23.533
23.533
23.533
23.533
23.533
21.251
21.251
21.251
21.251
21.251
28.89
28.89
28.89
28.89
28.89
43.991
43.991
43.991
43.991
43.991
30.711
30.711
30.711
30.711
30.711
30.813
30.813
30.813
30.813
30.813
22.515
22.515
22.515
22.515
22.515
33.599
33.599
33.599
33.599
33.599
18.392
18.392
18.392
18.392
18.392
25.084
25.084
25.084
25.084
25.084
29.857
29.857
29.857
29.857
29.857
59.499
59.499
59.499
59.499
59.499
32.589
32.589
32.589
32.589
32.589
42.731
42.731
42.731
42.731
42.731
45.047
45.047
45.047
45.047
45.047
52.632
52.632
52.632
52.632
52.632
36.365
36.365
36.365
36.365
36.365
25.847
25.847
25.847
25.847
25.847
49.051
49.051
49.051
49.051
49.051
41.518
41.518
41.518
41.518
41.518
23.998
23.998
23.998
23.998
23.998
21.208
21.208
21.208
21.208
21.208
20.773
20.773
20.773
20.773
20.773
21.717
21.717
21.717
21.717
21.717
20.584
20.584
20.584
20.584
20.584
17.354
17.354
17.354
17.354
17.354
24.886
24.886
24.886
24.886
24.886
19.749
19.749
19.749
19.749
19.749
16.553
16.553
16.553
16.553
16.553
24.844
24.844
24.844
24.844
24.844
19.483
19.483
19.483
19.483
19.483
19.283
19.283
19.283
19.283
19.283
21.157
21.157
21.157
21.157
21.157
20.189
20.189
20.189
20.189
20.189
27.943
27.943
27.943
27.943
27.943
31.715
31.715
31.715
31.715
31.715
20.268
20.268
20.268
20.268
20.268
25.197
25.197
25.197
25.197
25.197
25.174
25.174
25.174
25.174
25.174
31.336
31.336
31.336
31.336
31.336
39.469
39.469
39.469
39.469
39.469
17.275
17.275
17.275
17.275
17.275
23.782
23.782
23.782
23.782
23.782
21.555
21.555
21.555
21.555
21.555
13.722
13.722
13.722
13.722
13.722
22.014
22.014
22.014
22.014
22.014
26.899
26.899
26.899
26.899
26.899
16.948
16.948
16.948
16.948
16.948
30.768
30.768
30.768
30.768
30.768
18.434
18.434
18.434
18.434
18.434
24.119
24.119
24.119
24.119
24.119
19.341
19.341
19.341
19.341
19.341
19.465
19.465
19.465
19.465
19.465
16.624
16.624
16.624
16.624
16.624
24.89
24.89
24.89
24.89
24.89
20.281
20.281
20.281
20.281
20.281
16.514
16.514
16.514
16.514
16.514
27.739
27.739
27.739
27.739
27.739
20.12
20.12
20.12
20.12
20.12
20.241
20.241
20.241
20.241
20.241
21.303
21.303
21.303
21.303
21.303
20.806
20.806
20.806
20.806
20.806
17.292
17.292
17.292
17.292
17.292
19.412
19.412
19.412
19.412
19.412
19.398
19.398
19.398
19.398
19.398
15.783
15.783
15.783
15.783
15.783
14.478
14.478
14.478
14.478
14.478
17.375
17.375
17.375
17.375
17.375
14.95
14.95
14.95
14.95
14.95
24.015
24.015
24.015
24.015
24.015
22.053
22.053
22.053
22.053
22.053
20.244
20.244
20.244
20.244
20.244
23.287
23.287
23.287
23.287
23.287
17.617
17.617
17.617
17.617
17.617
15.929
15.929
15.929
15.929
15.929
20.545
20.545
20.545
20.545
20.545
24.868
24.868
24.868
24.868
24.868
22.277
22.277
22.277
22.277
22.277
19.758
19.758
19.758
19.758
19.758
24.504
24.504
24.504
24.504
24.504
20.505
20.505
20.505
20.505
20.505
13.737
13.737
13.737
13.737
13.737
23.631
23.631
23.631
23.631
23.631
17.661
17.661
17.661
17.661
17.661
21.321
21.321
21.321
21.321
21.321
18.528
18.528
18.528
18.528
18.528
22.439
22.439
22.439
22.439
22.439
21.343
21.343
21.343
21.343
21.343
31.249
31.249
31.249
31.249
31.249
18.173
18.173
18.173
18.173
18.173
19.177
19.177
19.177
19.177
19.177
16.735
16.735
16.735
16.735
16.735
16.24
16.24
16.24
16.24
16.24
21.665
21.665
21.665
21.665
21.665
17.723
17.723
17.723
17.723
17.723
24.36
24.36
24.36
24.36
24.36
19.641
19.641
19.641
19.641
19.641
35.186
35.186
35.186
35.186
35.186
21.67
21.67
21.67
21.67
21.67
18.132
18.132
18.132
18.132
18.132
16.612
16.612
16.612
16.612
16.612
23.409
23.409
23.409
23.409
23.409
13.429
13.429
13.429
13.429
13.429
20.494
20.494
20.494
20.494
20.494
21.752
21.752
21.752
21.752
21.752
15.073
15.073
15.073
15.073
15.073
21.298
21.298
21.298
21.298
21.298
19.094
19.094
19.094
19.094
19.094
15.258
15.258
15.258
15.258
15.258
19.074
19.074
19.074
19.074
19.074
21.909
21.909
21.909
21.909
21.909
20.871
20.871
20.871
20.871
20.871
21.505
21.505
21.505
21.505
21.505
18.244
18.244
18.244
18.244
18.244
19.384
19.384
19.384
19.384
