1357
118
74
94
2009
82
72
55
71
71
71
97
59
60
62
69
112
80
70
79
85
66
114
1245
84
66
79
68
93
102
79
101
64
79
67
87
70
70
78
108
77
112
65
60
104
68
64
105
78
66
55
65
79
63
56
57
115
67
117
75
109
62
101
62
67
76
63
106
55
75
74
115
62
84
89
65
108
66
79
73
63
84
93
69
61
76
69
68
74
66
83
91
87
65
71
113
99
73
93
90
74
71
75
80
57
68
124
91
66
75
68
69
106
74
58
62
84
138
91
74
66
51
61
66
68
57
108
55
89
73
84
86
76
85
71
73
78
95
106
103
90
66
70
86
75
79
69
72
63
78
63
65
76
96
57
59
111
117
75
74
89
73
100
70
78
75
90
86
56
66
90
81
78
71
105
81
58
52
89
96
65
63
47
71
92
67
98
87
65
84
84
93
70
100
70
92
64
86
71
90
67
63
74
108
58
68
67
78
74
76
69
79
83
74
60
84
57
74
114
74
59
71
60
117
71
66
82
70
60
60
57
133
74
91
114
62
58
80
53
73
117
101
131
59
121
72
121
61
95
67
127
63
72
98
79
84
50
95
90
65
67
77
116
73
78
67
93
85
87
77
92
98
72
76
74
99
87
67
56
77
71
73
119
90
73
76
102
90
93
61
57
65
94
68
69
127
91
64
68
74
93
56
72
69
59
70
70
50
62
70
82
104
63
84
70
71
59
65
182
134
81
83
84
88
70
118
77
84
116
121
74
82
76
135
59
103
81
74
67
99
69
69
66
94
72
85
65
57
103
80
67
70
73
85
78
79
65
73
61
117
75
72
115
101
94
74
80
60
69
70
73
68
101
75
58
87
149
81
88
74
88
108
58
80
73
93
72
82
84
74
63
80
68
75
83
