0.0
0.0
0.0
0.0
0.0
33.27
33.27
33.27
33.27
33.27
29.386
29.386
29.386
29.386
29.386
32.909
32.909
32.909
32.909
32.909
15.274
15.274
15.274
15.274
15.274
21.578
21.578
21.578
21.578
21.578
20.512
20.512
20.512
20.512
20.512
18.712
18.712
18.712
18.712
18.712
15.439
15.439
15.439
15.439
15.439
17.207
17.207
17.207
17.207
17.207
15.113
15.113
15.113
15.113
15.113
15.115
15.115
15.115
15.115
15.115
18.275
18.275
18.275
18.275
18.275
22.922
22.922
22.922
22.922
22.922
21.575
21.575
21.575
21.575
21.575
11.186
11.186
11.186
11.186
11.186
20.868
20.868
20.868
20.868
20.868
23.068
23.068
23.068
23.068
23.068
