0.0
0.0
0.0
0.0
0.0
62.454
62.454
62.454
62.454
62.454
15.975
15.975
15.975
15.975
15.975
25.985
25.985
25.985
25.985
25.985
28.689
28.689
28.689
28.689
28.689
27.72
27.72
27.72
27.72
27.72
24.731
24.731
24.731
24.731
24.731
26.26
26.26
26.26
26.26
26.26
25.797
25.797
25.797
25.797
25.797
21.083
21.083
21.083
21.083
21.083
30.771
30.771
30.771
30.771
30.771
46.2
46.2
46.2
46.2
46.2
43.252
43.252
43.252
43.252
43.252
40.663
40.663
40.663
40.663
40.663
20.316
20.316
20.316
20.316
20.316
20.311
20.311
20.311
20.311
20.311
26.798
26.798
26.798
26.798
26.798
12.089
12.089
12.089
12.089
12.089
20.998
20.998
20.998
20.998
20.998
21.354
21.354
21.354
21.354
21.354
18.853
18.853
18.853
18.853
18.853
17.47
17.47
17.47
17.47
17.47
17.283
17.283
17.283
17.283
17.283
27.562
27.562
27.562
27.562
27.562
14.62
14.62
14.62
14.62
14.62
25.183
25.183
25.183
25.183
25.183
16.776
16.776
16.776
16.776
16.776
26.792
26.792
26.792
26.792
26.792
19.293
19.293
19.293
19.293
19.293
22.366
22.366
22.366
22.366
22.366
18.62
18.62
18.62
18.62
18.62
18.381
18.381
18.381
18.381
18.381
20.75
20.75
20.75
20.75
20.75
16.8
16.8
16.8
16.8
16.8
27.501
27.501
27.501
27.501
27.501
19.72
19.72
19.72
19.72
19.72
17.483
17.483
17.483
17.483
17.483
21.863
21.863
21.863
21.863
21.863
25.242
25.242
25.242
25.242
25.242
20.961
20.961
20.961
20.961
20.961
15.739
15.739
15.739
15.739
15.739
17.286
17.286
17.286
17.286
17.286
18.984
18.984
18.984
18.984
18.984
19.242
19.242
19.242
19.242
19.242
39.65
39.65
39.65
39.65
39.65
25.648
25.648
25.648
25.648
25.648
22.636
22.636
22.636
22.636
22.636
23.699
23.699
23.699
23.699
23.699
21.703
21.703
21.703
21.703
21.703
19.341
19.341
19.341
19.341
19.341
14.467
14.467
14.467
14.467
14.467
23.726
23.726
23.726
23.726
23.726
21.663
21.663
21.663
21.663
21.663
19.767
19.767
19.767
19.767
19.767
24.73
24.73
24.73
24.73
24.73
17.709
17.709
17.709
17.709
17.709
25.169
25.169
25.169
25.169
25.169
19.804
19.804
19.804
19.804
19.804
29.074
29.074
29.074
29.074
29.074
14.367
14.367
14.367
14.367
14.367
15.767
15.767
15.767
15.767
15.767
22.475
22.475
22.475
22.475
22.475
20.839
20.839
20.839
20.839
20.839
18.431
18.431
18.431
18.431
18.431
21.164
21.164
21.164
21.164
21.164
20.826
20.826
20.826
20.826
