1440
77
109
122
68
69
92
82
91
64
65
75
71
99
98
101
80
95
58
75
120
58
77
65
145
69
79
72
84
67
63
150
85
68
125
73
82
68
96
96
133
79
64
144
113
121
90
73
60
86
65
84
82
67
127
83
82
84
81
69
70
83
73
64
67
69
83
86
76
80
64
72
67
53
74
81
66
74
70
75
69
61
59
83
71
90
61
81
65
84
76
84
105
86
92
87
80
104
74
77
72
61
109
91
142
78
77
119
110
72
81
60
93
86
113
73
55
84
136
68
111
101
66
72
123
80
57
75
71
70
69
69
80
99
96
64
73
75
68
80
114
67
71
71
85
80
88
96
87
76
103
74
75
82
80
76
127
73
72
73
81
74
66
67
116
72
111
62
67
87
60
119
86
58
97
60
152
81
77
73
59
105
73
55
63
86
73
102
97
77
68
89
82
63
92
88
63
99
87
96
