0.0
0.0
0.0
0.0
0.0
56.678
56.678
56.678
56.678
56.678
25.043
25.043
25.043
25.043
25.043
55.863
55.863
55.863
55.863
55.863
55.067
55.067
55.067
100.0
100.0
100.0
100.0
100.0
100.0
98.477
98.477
98.477
98.477
50.885
50.885
50.885
50.885
50.885
31.032
31.032
31.032
31.032
31.032
32.703
32.703
32.703
32.703
32.703
31.552
31.552
31.552
31.552
31.552
36.5
36.5
36.5
36.5
36.5
33.451
33.451
33.451
33.451
33.451
23.613
23.613
23.613
23.613
23.613
26.04
26.04
26.04
26.04
26.04
30.772
30.772
30.772
30.772
30.772
42.086
42.086
42.086
42.086
42.086
28.249
28.249
28.249
28.249
28.249
38.252
38.252
38.252
38.252
38.252
33.208
33.208
33.208
33.208
33.208
36.871
36.871
36.871
36.871
36.871
32.077
32.077
32.077
32.077
32.077
54.873
54.873
54.873
54.873
54.873
26.948
26.948
26.948
26.948
26.948
33.926
33.926
33.926
33.926
33.926
34.428
34.428
34.428
34.428
34.428
26.041
26.041
26.041
26.041
26.041
23.599
23.599
23.599
23.599
23.599
32.59
32.59
32.59
32.59
32.59
21.408
21.408
21.408
21.408
21.408
27.62
27.62
27.62
27.62
27.62
29.616
29.616
29.616
29.616
29.616
32.571
32.571
32.571
32.571
32.571
25.17
25.17
25.17
25.17
25.17
27.694
27.694
27.694
27.694
27.694
33.968
33.968
33.968
33.968
33.968
25.148
25.148
25.148
25.148
25.148
26.05
26.05
26.05
26.05
26.05
26.85
26.85
26.85
26.85
26.85
22.847
22.847
22.847
22.847
22.847
24.466
24.466
24.466
24.466
24.466
26.009
26.009
26.009
26.009
26.009
27.059
27.059
27.059
27.059
27.059
28.706
28.706
28.706
28.706
28.706
30.872
30.872
30.872
30.872
30.872
26.063
26.063
26.063
26.063
26.063
39.445
39.445
39.445
39.445
39.445
34.533
34.533
34.533
34.533
34.533
27.812
27.812
27.812
27.812
27.812
28.647
28.647
28.647
28.647
28.647
41.085
41.085
41.085
41.085
41.085
37.123
37.123
37.123
37.123
37.123
47.658
47.658
47.658
47.658
84.195
84.195
84.195
84.195
84.195
34.342
34.342
34.342
34.342
34.342
24.337
24.337
24.337
24.337
24.337
32.109
32.109
32.109
32.109
32.109
23.999
23.999
23.999
23.999
23.999
32.946
32.946
32.946
32.946
32.946
36.588
36.588
36.588
36.588
36.588
32.718
32.718
32.718
32.718
32.718
29.075
29.075
29.075
29.075
29.075
29.886
29.886
29.886
29.886
