1163
1161
177
186
100
111
86
111
75
90
69
83
70
204
72
64
99
85
111
66
81
106
65
57
57
86
64
107
76
82
66
66
153
68
71
75
84
82
64
73
91
66
58
59
83
90
123
84
64
97
73
78
56
94
59
107
100
73
64
101
84
104
75
59
149
70
54
77
61
57
55
56
74
64
73
89
89
77
94
85
94
63
67
80
82
53
125
80
64
57
97
100
64
73
62
66
64
64
55
53
68
68
54
69
53
72
70
55
87
54
51
58
63
64
72
72
59
54
55
59
76
89
64
60
68
64
58
56
152
63
92
67
63
98
63
72
76
58
57
77
67
84
94
56
53
54
67
80
71
64
88
96
65
53
55
97
54
69
62
123
50
80
96
110
122
62
64
70
88
118
153
64
59
59
58
61
75
64
74
67
74
62
86
80
64
66
67
66
72
55
82
58
64
82
124
75
68
71
81
62
74
80
66
56
79
116
86
50
71
74
81
63
151
78
57
67
74
60
64
55
57
72
86
69
71
66
49
84
80
107
63
89
74
109
62
63
63
49
68
67
64
61
66
63
58
51
77
58
66
56
57
56
69
56
51
67
99
57
123
61
68
92
65
78
60
63
85
48
59
69
95
92
81
85
60
57
70
62
62
66
73
70
81
49
62
104
110
58
65
53
76
57
68
61
57
59
87
60
75
75
65
96
64
57
52
75
61
71
103
65
53
55
73
83
95
53
126
75
81
69
56
75
53
54
122
60
57
62
52
60
70
87
92
78
54
70
85
111
80
63
78
62
85
89
77
53
55
50
62
76
57
79
77
81
56
73
96
83
59
72
72
96
60
65
90
109
72
76
76
98
74
109
51
109
68
69
61
64
71
53
80
59
67
73
98
61
95
69
107
64
66
67
53
81
77
53
73
62
60
97
