0.0
0.0
0.0
0.0
0.0
58.728
58.728
58.728
58.728
58.728
36.911
36.911
36.911
36.911
36.911
29.459
29.459
29.459
29.459
29.459
27.26
27.26
27.26
27.26
27.26
33.402
33.402
33.402
33.402
33.402
29.461
29.461
29.461
29.461
29.461
37.892
37.892
37.892
37.892
37.892
34.403
34.403
34.403
34.403
34.403
39.974
39.974
39.974
39.974
39.974
32.981
32.981
32.981
32.981
32.981
32.92
32.92
32.92
32.92
32.92
32.338
32.338
32.338
32.338
32.338
27.77
27.77
27.77
27.77
27.77
33.181
33.181
33.181
33.181
33.181
30.043
30.043
30.043
30.043
30.043
34.471
34.471
34.471
34.471
34.471
34.813
34.813
34.813
34.813
34.813
35.521
35.521
35.521
35.521
35.521
29.871
29.871
29.871
29.871
29.871
34.434
34.434
34.434
34.434
34.434
35.398
35.398
35.398
35.398
35.398
22.044
22.044
22.044
22.044
22.044
28.595
28.595
28.595
28.595
28.595
30.249
30.249
30.249
30.249
30.249
41.224
41.224
41.224
41.224
41.224
44.975
44.975
44.975
44.975
44.975
25.935
25.935
25.935
25.935
25.935
38.563
38.563
38.563
38.563
38.563
18.746
18.746
18.746
18.746
18.746
31.459
31.459
31.459
31.459
31.459
25.996
25.996
25.996
25.996
25.996
33.067
33.067
33.067
33.067
33.067
21.516
21.516
21.516
21.516
21.516
30.418
30.418
30.418
30.418
30.418
35.521
35.521
35.521
35.521
35.521
30.915
30.915
30.915
30.915
30.915
21.909
21.909
21.909
21.909
21.909
37.824
37.824
37.824
37.824
37.824
35.394
35.394
35.394
35.394
35.394
35.893
35.893
35.893
35.893
35.893
35.023
35.023
35.023
35.023
35.023
33.353
33.353
33.353
33.353
33.353
27.767
27.767
27.767
27.767
27.767
41.917
41.917
41.917
100.0
100.0
100.0
100.0
100.0
100.0
97.711
97.711
97.711
97.711
97.711
28.478
28.478
28.478
28.478
28.478
23.522
23.522
23.522
23.522
23.522
30.087
30.087
30.087
30.087
30.087
23.134
23.134
23.134
23.134
23.134
33.921
33.921
33.921
33.921
33.921
28.181
28.181
28.181
28.181
28.181
26.692
26.692
26.692
26.692
26.692
25.778
25.778
25.778
25.778
25.778
41.625
41.625
41.625
41.625
41.625
29.314
29.314
29.314
29.314
29.314
29.317
29.317
29.317
29.317
29.317
30.245
30.245
30.245
30.245
30.245
32.804
32.804
32.804
32.804
32.804
23.236
23.236
23.236
23.236
23.236
