1211
1213
92
83
105
114
77
109
83
84
85
78
90
92
67
101
110
71
71
106
56
69
57
68
63
65
73
70
61
65
77
58
47
123
52
71
65
68
75
73
78
88
74
55
55
56
123
101
74
64
55
76
81
66
61
73
59
80
79
76
133
83
61
54
52
112
84
53
73
107
121
79
81
62
90
108
137
64
98
76
51
65
91
84
73
58
90
53
69
100
58
55
74
67
68
50
62
67
84
66
84
69
66
70
81
77
85
68
82
65
63
66
107
96
127
77
60
84
103
128
104
57
100
55
69
58
58
95
58
90
62
65
50
77
82
63
88
54
74
59
58
56
72
71
52
74
61
76
48
65
51
78
61
50
78
54
60
51
63
75
61
70
61
90
54
64
65
65
83
92
85
99
91
88
56
53
89
81
52
67
54
62
61
71
78
68
48
65
80
78
75
73
74
88
54
114
91
120
99
53
57
77
75
69
58
92
56
56
59
70
50
56
51
101
107
61
62
103
79
85
64
85
85
58
62
73
73
85
68
62
64
112
50
78
80
92
58
64
59
73
100
82
54
97
61
54
74
83
76
106
78
66
69
65
85
85
95
62
59
99
59
57
111
67
67
56
46
69
81
60
112
90
62
59
65
138
60
130
129
64
66
66
80
74
76
64
58
79
62
70
52
64
76
61
111
149
169
66
85
100
61
71
115
65
53
61
78
83
94
53
50
60
48
63
76
76
114
54
75
102
76
80
85
73
178
68
54
75
61
59
53
47
59
91
59
61
79
59
71
68
64
69
67
64
76
74
54
77
49
82
46
57
53
138
75
56
72
58
68
86
55
58
77
86
68
68
87
87
77
95
68
63
58
74
81
82
55
84
64
104
76
68
54
71
60
59
66
70
71
71
55
125
62
63
70
92
56
124
55
85
