NaN
NaN
NaN
NaN
NaN
31.999
31.999
31.999
31.999
31.999
25.956
25.956
25.956
25.956
25.956
22.618
22.618
22.618
22.618
22.618
21.572
21.572
21.572
21.572
21.572
32.131
32.131
32.131
32.131
32.131
31.023
31.023
31.023
31.023
31.023
34.642
34.642
34.642
34.642
34.642
31.469
31.469
31.469
31.469
31.469
22.477
22.477
22.477
22.477
22.477
22.175
22.175
22.175
22.175
22.175
22.479
22.479
22.479
22.479
22.479
18.555
18.555
18.555
18.555
18.555
14.197
14.197
14.197
14.197
14.197
38.638
38.638
38.638
38.638
38.638
18.712
18.712
18.712
18.712
18.712
28.177
28.177
28.177
28.177
28.177
26.255
26.255
26.255
26.255
26.255
40.021
40.021
40.021
40.021
40.021
25.197
25.197
25.197
25.197
25.197
18.118
18.118
18.118
18.118
18.118
20.218
20.218
20.218
20.218
20.218
25.169
25.169
25.169
25.169
25.169
23.229
23.229
23.229
23.229
23.229
20.001
20.001
20.001
20.001
20.001
17.965
17.965
17.965
17.965
17.965
24.061
24.061
24.061
24.061
24.061
21.575
21.575
21.575
21.575
21.575
16.458
16.458
16.458
16.458
16.458
14.946
14.946
14.946
14.946
14.946
18.554
18.554
18.554
18.554
18.554
16.874
16.874
16.874
16.874
16.874
12.693
12.693
12.693
12.693
12.693
15.702
15.702
