2883
77
73
92
77
3534
135
72
91
91
66
81
67
66
80
70
109
78
81
84
61
65
77
62
111
611
77
72
61
116
84
70
78
72
61
569
72
76
60
86
72
69
69
53
59
68
673
68
74
78
71
58
72
53
59
53
47
101
67
59
78
59
85
65
59
80
109
64
127
67
67
62
69
70
63
101
63
62
66
87
65
55
92
86
134
57
114
71
71
66
60
85
82
73
87
71
156
56
82
74
61
70
87
91
77
75
60
75
70
61
78
73
102
68
53
55
99
61
58
70
63
60
128
111
59
65
56
55
53
70
69
64
61
52
65
45
73
63
66
57
70
104
58
50
69
64
58
59
52
93
76
66
62
105
62
73
58
82
68
61
65
57
76
50
52
57
67
61
79
89
90
95
94
70
54
62
63
100
77
68
49
89
72
90
90
107
77
76
59
81
61
57
68
57
