100.0
100.0
100.0
100.0
100.0
58.07
58.07
58.07
58.07
58.07
15.562
15.562
15.562
15.562
15.562
21.141
21.141
21.141
21.141
21.141
13.504
13.504
13.504
13.504
13.504
36.848
36.848
36.848
36.848
36.848
43.939
43.939
43.939
43.939
43.939
51.348
51.348
51.348
51.348
51.348
71.384
71.384
71.384
71.384
71.384
56.194
56.194
56.194
56.194
56.194
55.564
55.564
55.564
55.564
55.564
36.402
36.402
36.402
36.402
36.402
74.89
74.89
74.89
74.89
74.89
18.397
18.397
18.397
18.397
18.397
13.876
13.876
13.876
13.876
13.876
16.724
16.724
16.724
16.724
16.724
22.244
22.244
22.244
22.244
22.244
17.356
17.356
17.356
17.356
17.356
15.51
15.51
15.51
15.51
15.51
39.503
39.503
39.503
39.503
39.503
42.931
42.931
42.931
42.931
42.931
27.139
27.139
27.139
27.139
27.139
32.4
32.4
32.4
32.4
32.4
27.555
27.555
27.555
27.555
27.555
18.439
18.439
18.439
18.439
18.439
24.764
24.764
24.764
24.764
24.764
20.83
20.83
20.83
20.83
20.83
25.011
25.011
25.011
25.011
25.011
23.74
