0.0
0.0
0.0
0.0
0.0
55.021
55.021
55.021
55.021
55.021
20.595
20.595
20.595
20.595
20.595
26.974
26.974
26.974
26.974
26.974
15.979
15.979
15.979
15.979
15.979
18.227
18.227
18.227
18.227
18.227
17.874
17.874
17.874
17.874
17.874
15.681
15.681
15.681
15.681
15.681
29.531
29.531
29.531
29.531
29.531
24.919
24.919
24.919
24.919
24.919
52.644
52.644
52.644
52.644
52.644
30.387
30.387
30.387
30.387
30.387
23.581
23.581
23.581
23.581
23.581
16.587
16.587
16.587
16.587
16.587
25.492
25.492
25.492
25.492
25.492
18.488
18.488
18.488
18.488
18.488
16.492
16.492
16.492
16.492
16.492
23.659
23.659
23.659
23.659
23.659
13.801
13.801
13.801
13.801
13.801
14.993
14.993
14.993
14.993
14.993
14.345
14.345
14.345
14.345
14.345
23.442
23.442
23.442
23.442
23.442
18.46
18.46
18.46
18.46
18.46
23.293
23.293
23.293
23.293
23.293
19.348
19.348
19.348
19.348
19.348
22.491
22.491
22.491
22.491
22.491
17.662
17.662
17.662
17.662
17.662
19.814
19.814
19.814
19.814
