0.0
0.0
0.0
0.0
13.769
13.769
13.769
13.769
13.621
13.621
13.621
13.621
9.756
9.756
9.756
9.756
46.101
46.101
46.101
46.101
14.187
14.187
14.187
14.187
7.178
7.178
7.178
7.178
30.317
30.317
30.317
30.317
26.841
26.841
26.841
26.841
29.202
29.202
29.202
29.202
20.345
20.345
20.345
20.345
33.108
33.108
33.108
33.108
20.863
20.863
20.863
20.863
20.473
20.473
20.473
20.473
22.002
22.002
22.002
22.002
21.494
21.494
21.494
21.494
22.637
22.637
22.637
22.637
26.199
26.199
26.199
26.199
21.875
21.875
21.875
21.875
27.71
27.71
27.71
27.71
21.874
21.874
21.874
21.874
22.386
22.386
22.386
22.386
18.06
18.06
18.06
18.06
26.44
26.44
26.44
26.44
22.128
22.128
22.128
22.128
15.386
15.386
15.386
15.386
19.973
19.973
19.973
19.973
16.929
16.929
16.929
16.929
18.981
18.981
18.981
18.981
26.719
26.719
26.719
26.719
20.071
20.071
20.071
20.071
19.332
19.332
19.332
19.332
16.337
16.337
16.337
16.337
2.828
2.828
2.828
2.828
12.334
12.334
12.334
12.334
8.468
8.468
8.468
8.468
14.129
14.129
14.129
14.129
21.496
21.496
21.496
21.496
22.253
22.253
22.253
22.253
13.194
13.194
13.194
13.194
22.253
22.253
22.253
22.253
24.414
24.414
24.414
24.414
18.677
18.677
18.677
18.677
34.466
34.466
34.466
34.466
21.615
21.615
21.615
21.615
17.123
17.123
17.123
17.123
10.345
10.345
10.345
10.345
16.984
16.984
16.984
16.984
20.857
20.857
20.857
20.857
16.098
16.098
16.098
16.098
17.257
17.257
17.257
17.257
20.334
20.334
20.334
20.334
19.951
19.951
19.951
19.951
18.674
18.674
18.674
18.674
17.362
17.362
17.362
17.362
13.986
13.986
13.986
13.986
6.176
6.176
6.176
6.176
18.543
18.543
18.543
18.543
19.047
19.047
19.047
19.047
19.046
19.046
19.046
19.046
21.235
21.235
21.235
21.235
16.518
16.518
16.518
16.518
16.517
16.517
16.517
16.517
5.577
5.577
5.577
5.577
17.36
17.36
17.36
