1610
127
83
91
74
130
91
67
64
61
62
96
98
76
88
93
72
61
61
68
79
62
80
67
79
56
72
59
70
95
81
67
112
69
75
71
60
85
58
69
75
48
104
69
88
75
95
65
61
64
79
80
63
74
118
95
71
62
68
90
59
76
103
66
90
72
66
64
128
60
75
72
82
68
65
56
67
67
68
63
59
141
87
88
89
72
57
70
60
66
68
77
83
70
64
72
71
76
59
66
69
69
77
67
72
79
67
87
60
65
56
62
73
53
60
93
62
86
77
56
63
59
57
50
60
88
77
69
95
62
63
59
66
74
62
62
101
61
71
84
57
54
90
68
62
72
49
66
108
75
60
71
76
65
63
87
76
56
62
77
64
63
65
72
70
60
50
63
61
79
72
77
79
54
62
58
68
63
65
59
60
50
78
123
78
64
68
109
79
63
61
80
73
73
92
58
55
50
64
49
51
64
54
80
58
71
79
71
83
66
65
59
52
65
50
84
48
87
43
63
72
50
57
44
68
60
75
89
74
52
75
67
117
76
80
88
65
65
60
73
67
51
63
69
70
73
70
89
54
91
66
61
71
94
70
71
70
60
94
76
84
123
78
105
84
75
63
138
86
84
56
75
76
88
56
56
69
65
67
55
68
59
109
69
101
100
80
61
68
68
77
53
81
83
58
76
62
61
58
62
111
81
94
114
69
80
90
53
59
83
56
64
111
68
57
66
74
85
69
74
89
65
71
60
99
73
121
54
57
59
143
68
71
102
58
63
66
96
63
75
59
71
54
95
84
58
55
89
63
81
79
81
82
108
60
58
57
77
68
66
77
60
66
90
63
54
53
78
59
93
77
111
55
64
111
65
69
73
70
75
73
69
60
76
130
51
72
71
79
103
51
81
93
62
60
112
73
54
60
65
