0.0
0.0
0.0
0.0
0.0
56.438
56.438
56.438
56.438
56.438
21.917
21.917
21.917
21.917
21.917
16.771
16.771
16.771
16.771
16.771
25.351
25.351
25.351
25.351
25.351
30.748
30.748
30.748
30.748
30.748
28.776
28.776
28.776
28.776
28.776
42.271
42.271
42.271
42.271
42.271
38.83
38.83
38.83
38.83
38.83
28.739
28.739
28.739
28.739
28.739
34.95
34.95
34.95
34.95
34.95
47.856
47.856
47.856
47.856
47.856
31.428
31.428
31.428
31.428
31.428
20.717
20.717
20.717
20.717
20.717
24.283
24.283
24.283
24.283
24.283
20.001
20.001
