0.0
0.0
0.0
0.0
0.0
60.643
60.643
60.643
60.643
60.643
24.445
24.445
24.445
24.445
24.445
20.809
20.809
20.809
20.809
20.809
37.622
37.622
37.622
37.622
37.622
60.07
60.07
60.07
60.07
60.07
48.459
48.459
48.459
48.459
48.459
29.13
29.13
29.13
29.13
29.13
49.285
49.285
49.285
49.285
49.285
32.856
32.856
32.856
32.856
32.856
26.429
26.429
26.429
26.429
26.429
35.694
35.694
35.694
35.694
35.694
21.428
21.428
21.428
21.428
21.428
12.142
12.142
12.142
12.142
12.142
18.571
18.571
18.571
18.571
18.571
15.714
15.714
15.714
15.714
15.714
11.428
11.428
11.428
11.428
11.428
21.429
21.429
21.429
21.429
21.429
17.145
17.145
17.145
17.145
17.145
14.282
14.282
14.282
14.282
14.282
19.287
19.287
19.287
19.287
19.287
15.001
15.001
15.001
15.001
15.001
15.0
15.0
15.0
15.0
15.0
15.711
15.711
15.711
15.711
15.711
30.003
30.003
30.003
30.003
30.003
12.853
12.853
12.853
12.853
12.853
12.148
12.148
12.148
12.148
12.148
17.136
17.136
17.136
17.136
17.136
16.429
16.429
16.429
16.429
16.429
18.572
18.572
18.572
18.572
18.572
16.428
16.428
16.428
16.428
16.428
14.999
14.999
14.999
14.999
14.999
14.287
14.287
14.287
14.287
14.287
15.713
15.713
15.713
15.713
15.713
17.142
17.142
17.142
17.142
17.142
13.571
13.571
13.571
13.571
13.571
15.714
15.714
15.714
15.714
15.714
17.857
17.857
17.857
17.857
17.857
17.144
17.144
17.144
17.144
17.144
13.57
13.57
13.57
13.57
13.57
20.0
20.0
20.0
20.0
20.0
10.714
10.714
10.714
10.714
10.714
17.856
17.856
17.856
17.856
17.856
15.0
15.0
15.0
15.0
15.0
10.001
10.001
10.001
10.001
10.001
32.143
32.143
32.143
32.143
32.143
69.284
69.284
69.284
69.284
69.284
81.428
81.428
81.428
81.428
81.428
73.571
73.571
73.571
73.571
73.571
95.714
95.714
95.714
95.714
95.714
60.0
60.0
60.0
60.0
60.0
40.001
40.001
40.001
40.001
