1459
121
112
87
90
2276
95
64
73
96
93
77
64
58
84
61
95
62
75
64
78
77
83
101
69
78
698
93
62
62
62
78
63
62
78
63
125
109
62
62
78
62
62
63
47
78
374
79
78
109
78
63
63
78
62
47
78
63
78
78
63
78
63
78
46
94
63
62
109
78
79
78
63
94
63
93
109
78
62
63
62
94
78
63
47
62
47
63
62
63
62
78
79
63
62
78
125
78
63
94
109
63
109
63
157
62
78
93
63
78
78
62
78
94
93
93
94
94
109
63
93
94
63
62
62
78
63
78
47
78
63
78
63
62
78
78
63
78
62
62
110
63
78
78
63
47
78
63
63
62
62
47
63
63
62
78
62
78
78
63
63
62
63
62
63
62
125
140
93
62
78
94
78
78
79
109
78
109
78
63
78
78
78
63
94
47
63
63
93
78
63
78
62
