0.0
0.0
0.0
0.0
0.0
55.386
55.386
55.386
55.386
55.386
20.434
20.434
20.434
20.434
20.434
21.617
21.617
21.617
21.617
21.617
32.67
32.67
32.67
32.67
32.67
29.675
29.675
29.675
29.675
29.675
38.829
38.829
38.829
38.829
38.829
44.97
44.97
44.97
44.97
44.97
25.361
25.361
25.361
25.361
25.361
29.07
29.07
29.07
29.07
29.07
27.055
27.055
27.055
27.055
27.055
31.337
31.337
31.337
31.337
31.337
47.196
47.196
47.196
47.196
47.196
22.271
22.271
22.271
22.271
22.271
25.121
25.121
25.121
25.121
25.121
21.451
21.451
21.451
21.451
21.451
21.621
21.621
21.621
21.621
21.621
28.765
28.765
28.765
28.765
45.088
45.088
45.088
45.088
45.088
57.732
57.732
57.732
57.732
57.732
20.446
20.446
20.446
20.446
20.446
49.759
49.759
49.759
49.759
49.759
23.884
23.884
23.884
23.884
23.884
32.044
32.044
32.044
32.044
32.044
19.618
19.618
19.618
19.618
19.618
30.739
30.739
30.739
30.739
30.739
31.982
31.982
31.982
31.982
31.982
22.711
22.711
22.711
22.711
