1402
159
71
1932
109
71
92
67
65
73
80
133
180
83
65
70
97
100
86
139
63
88
126
75
90
76
56
58
70
103
86
45
80
60
72
75
78
66
109
65
90
86
87
91
78
98
84
117
77
49
58
93
76
74
134
65
71
86
66
58
61
95
71
75
62
89
87
73
61
63
79
58
79
61
79
63
89
69
100
76
65
64
57
74
71
69
136
58
88
64
70
69
68
99
78
81
108
76
57
70
80
63
93
64
89
68
67
56
100
80
103
128
78
77
115
66
74
102
149
84
104
72
133
90
67
69
61
95
70
67
64
89
64
54
79
82
53
67
79
72
46
64
80
75
58
58
92
89
74
81
55
73
103
167
101
72
62
67
78
88
74
77
95
90
84
65
76
64
72
80
90
83
67
74
67
90
84
78
67
88
68
136
54
103
70
83
86
59
74
61
54
86
73
77
102
78
67
70
77
69
81
59
79
83
89
75
67
57
92
79
58
59
81
53
82
74
59
71
106
50
57
69
103
83
75
57
69
79
68
81
90
78
78
59
68
82
66
106
99
81
77
82
98
131
79
78
87
72
63
90
61
101
62
90
107
71
64
65
65
68
75
61
76
67
75
61
75
96
112
68
64
70
90
68
61
60
81
91
86
98
71
88
73
105
63
109
69
53
71
81
94
84
80
72
89
93
51
80
80
72
84
52
80
65
127
71
60
62
79
67
111
65
76
132
62
68
54
125
94
83
84
59
76
118
63
80
79
61
83
66
66
75
74
102
75
72
79
82
95
79
93
83
94
83
79
84
110
58
186
84
88
59
87
119
74
62
66
107
85
65
92
58
90
73
83
66
76
97
89
161
52
63
83
64
74
61
71
98
54
78
77
63
70
106
63
80
93
93
64
116
70
73
57
72
60
