0.0
0.0
0.0
0.0
0.0
23.806
23.806
23.806
23.806
23.806
34.89
34.89
34.89
34.89
34.89
27.273
27.273
27.273
27.273
27.273
20.83
20.83
20.83
20.83
20.83
20.817
20.817
20.817
20.817
20.817
23.232
23.232
23.232
23.232
23.232
38.283
38.283
38.283
38.283
38.283
17.522
17.522
17.522
17.522
17.522
20.972
20.972
20.972
20.972
20.972
21.725
21.725
21.725
21.725
21.725
21.722
21.722
21.722
21.722
21.722
17.538
17.538
17.538
17.538
17.538
29.342
29.342
29.342
29.342
29.342
18.556
18.556
18.556
18.556
18.556
34.895
34.895
34.895
34.895
15.241
15.241
15.241
15.241
15.241
27.074
27.074
27.074
27.074
27.074
20.379
20.379
20.379
20.379
20.379
16.447
16.447
16.447
16.447
16.447
15.384
15.384
15.384
15.384
15.384
20.365
20.365
20.365
20.365
20.365
19.931
19.931
19.931
19.931
19.931
20.834
20.834
20.834
20.834
20.834
28.167
28.167
28.167
28.167
28.167
17.202
17.202
17.202
17.202
17.202
30.139
30.139
30.139
30.139
30.139
31.747
31.747
31.747
31.747
31.747
15.116
15.116
15.116
15.116
15.116
18.925
18.925
18.925
18.925
18.925
21.274
21.274
21.274
21.274
21.274
19.778
19.778
19.778
19.778
19.778
22.732
22.732
22.732
22.732
22.732
14.946
14.946
14.946
14.946
14.946
11.331
11.331
11.331
11.331
11.331
16.677
16.677
16.677
16.677
16.677
13.787
13.787
13.787
13.787
13.787
13.687
13.687
13.687
13.687
13.687
21.715
21.715
21.715
21.715
21.715
14.218
14.218
14.218
14.218
14.218
15.583
15.583
15.583
15.583
15.583
16.074
16.074
16.074
16.074
16.074
18.365
18.365
18.365
18.365
18.365
19.734
19.734
19.734
19.734
19.734
15.914
15.914
15.914
15.914
15.914
28.021
28.021
28.021
28.021
