3096
97
151
107
117
153
101
81
82
80
99
106
87
115
144
133
84
87
150
89
66
103
77
111
183
156
87
81
120
86
73
106
103
87
101
169
72
94
117
90
71
113
73
91
66
79
159
90
96
60
72
58
84
110
103
80
68
100
65
163
129
131
110
102
83
81
72
79
92
80
76
105
116
68
79
72
84
91
77
153
91
82
126
85
119
89
83
107
77
124
61
65
67
78
100
63
65
67
64
108
119
99
84
78
61
66
85
108
74
106
97
68
57
77
54
76
89
65
106
117
58
62
131
93
79
101
62
85
93
64
82
60
135
77
82
96
61
76
66
59
95
63
99
154
105
80
122
112
121
121
68
61
81
73
94
105
73
109
68
70
96
65
113
76
72
70
63
100
58
66
58
65
100
86
79
85
69
90
64
56
74
64
118
104
118
70
130
80
105
62
73
72
174
72
68
66
113
63
116
92
