0.0
0.0
0.0
0.0
0.0
19.467
19.467
19.467
19.467
19.467
25.35
25.35
25.35
25.35
25.35
16.932
16.932
16.932
16.932
16.932
21.724
21.724
21.724
21.724
21.724
16.456
16.456
16.456
16.456
16.456
22.476
22.476
22.476
22.476
22.476
22.774
22.774
22.774
22.774
22.774
18.869
18.869
18.869
18.869
18.869
12.859
12.859
12.859
12.859
12.859
20.372
20.372
20.372
20.372
20.372
18.44
18.44
18.44
18.44
18.44
11.668
11.668
11.668
11.668
11.668
8.495
8.495
8.495
8.495
8.495
17.279
17.279
17.279
17.279
17.279
12.858
12.858
12.858
12.858
12.858
14.885
14.885
14.885
14.885
14.885
23.083
23.083
23.083
23.083
23.083
22.623
