100.0
100.0
100.0
100.0
100.0
30.538
30.538
30.538
30.538
30.538
30.406
30.406
30.406
30.406
30.406
22.171
22.171
22.171
22.171
22.171
34.899
34.899
34.899
34.899
34.899
18.15
18.15
18.15
18.15
18.15
23.524
23.524
23.524
23.524
23.524
21.124
21.124
21.124
21.124
21.124
23.338
23.338
23.338
23.338
23.338
18.709
18.709
18.709
18.709
18.709
32.162
32.162
32.162
32.162
32.162
16.937
16.937
16.937
16.937
16.937
17.208
17.208
17.208
17.208
17.208
28.303
28.303
28.303
28.303
28.303
16.612
16.612
16.612
16.612
16.612
19.911
19.911
19.911
19.911
19.911
22.474
22.474
22.474
22.474
22.474
16.889
16.889
16.889
16.889
16.889
31.153
31.153
31.153
31.153
31.153
17.974
17.974
17.974
17.974
17.974
32.873
32.873
32.873
32.873
32.873
19.489
19.489
19.489
19.489
19.489
22.322
22.322
22.322
22.322
22.322
31.035
31.035
31.035
31.035
31.035
26.515
26.515
26.515
26.515
26.515
13.614
13.614
13.614
13.614
13.614
17.566
17.566
17.566
17.566
17.566
15.872
15.872
15.872
15.872
15.872
14.193
14.193
14.193
14.193
14.193
19.621
19.621
19.621
19.621
19.621
20.064
20.064
20.064
20.064
20.064
27.392
27.392
27.392
27.392
27.392
20.665
20.665
20.665
20.665
20.665
18.713
18.713
18.713
18.713
18.713
14.062
14.062
14.062
14.062
14.062
20.343
20.343
20.343
20.343
20.343
19.289
19.289
19.289
19.289
19.289
14.09
14.09
14.09
14.09
14.09
22.027
22.027
22.027
22.027
22.027
21.874
21.874
21.874
21.874
21.874
14.383
14.383
14.383
14.383
14.383
19.445
19.445
19.445
19.445
19.445
27.473
27.473
27.473
27.473
27.473
19.441
19.441
19.441
19.441
19.441
18.046
18.046
18.046
18.046
18.046
16.837
16.837
16.837
16.837
16.837
23.258
23.258
23.258
23.258
23.258
19.734
19.734
19.734
19.734
19.734
18.523
18.523
18.523
18.523
18.523
18.154
18.154
18.154
18.154
18.154
23.704
23.704
23.704
23.704
23.704
15.315
15.315
15.315
15.315
15.315
9.626
9.626
9.626
9.626
9.626
34.257
34.257
34.257
34.257
34.257
17.279
17.279
17.279
17.279
17.279
23.513
23.513
23.513
23.513
23.513
14.983
14.983
14.983
14.983
14.983
27.256
27.256
27.256
27.256
27.256
20.502
20.502
20.502
20.502
20.502
16.997
16.997
16.997
16.997
16.997
20.987
20.987
20.987
20.987
20.987
18.047
18.047
18.047
18.047
18.047
17.439
17.439
17.439
17.439
17.439
15.112
15.112
15.112
15.112
15.112
17.168
17.168
17.168
17.168
17.168
17.451
17.451
17.451
17.451
17.451
12.512
12.512
12.512
12.512
12.512
20.655
20.655
20.655
20.655
20.655
22.029
22.029
22.029
22.029
22.029
18.363
18.363
18.363
18.363
18.363
31.774
31.774
31.774
31.774
31.774
11.918
11.918
11.918
11.918
11.918
29.673
29.673
29.673
29.673
29.673
25.516
25.516
25.516
25.516
25.516
20.343
20.343
20.343
20.343
20.343
19.42
19.42
19.42
19.42
19.42
14.982
14.982
14.982
14.982
14.982
17.571
17.571
17.571
17.571
17.571
14.042
14.042
14.042
14.042
14.042
17.764
17.764
17.764
17.764
17.764
17.761
17.761
17.761
17.761
17.761
11.383
