2842
89
86
3262
109
108
89
83
79
81
77
101
73
80
105
95
77
70
73
76
141
97
80
100
85
68
88
65
69
60
95
87
127
110
87
88
101
104
71
61
75
87
79
81
95
68
72
52
81
74
102
83
84
113
74
61
136
207
100
78
68
81
125
89
66
77
67
70
151
99
101
72
80
75
76
98
63
95
128
79
57
84
59
54
68
113
72
143
80
108
87
58
57
65
55
60
92
87
55
70
95
70
76
132
62
64
87
67
71
70
81
68
79
109
63
62
62
90
59
70
63
65
57
87
65
69
56
62
106
108
67
97
73
81
91
102
85
102
138
98
102
67
58
67
63
105
96
122
67
68
87
84
62
85
71
111
117
88
73
99
75
67
99
61
66
64
76
70
61
96
79
63
60
65
73
73
67
57
75
57
57
67
99
61
70
55
89
72
69
67
68
91
193
73
78
84
70
73
57
123
77
97
54
66
62
84
104
77
76
71
94
108
62
60
64
55
78
58
82
61
63
80
114
86
92
74
72
71
63
63
81
76
77
73
85
81
105
72
58
67
163
86
117
84
69
77
98
85
77
63
66
87
57
62
78
75
85
62
70
57
73
62
59
81
99
71
82
59
73
68
138
90
67
80
61
70
76
84
85
69
63
96
130
89
93
63
104
70
95
73
60
60
65
65
66
104
81
67
75
83
83
64
60
59
73
114
71
100
54
62
125
63
62
82
72
98
54
50
58
65
91
81
69
86
54
55
84
69
73
64
59
73
61
115
72
71
73
71
93
56
59
81
135
100
71
105
121
87
80
84
142
70
58
79
71
56
57
71
53
65
98
77
67
76
64
61
113
91
71
91
68
107
81
76
68
53
56
75
82
79
102
68
83
65
73
98
73
74
65
60
91
59
139
61
65
58
91
