100.0
100.0
100.0
100.0
100.0
41.181
41.181
41.181
41.181
41.181
32.264
32.264
32.264
32.264
32.264
32.647
32.647
32.647
32.647
32.647
48.601
48.601
48.601
48.601
48.601
94.347
94.347
94.347
94.347
94.347
51.737
51.737
51.737
51.737
51.737
42.799
42.799
42.799
42.799
42.799
42.208
42.208
42.208
42.208
42.208
18.87
18.87
18.87
18.87
18.87
17.367
17.367
17.367
17.367
17.367
19.775
19.775
19.775
19.775
19.775
20.371
20.371
20.371
20.371
20.371
17.805
17.805
17.805
17.805
17.805
30.374
30.374
30.374
30.374
30.374
14.786
14.786
14.786
14.786
14.786
19.31
19.31
19.31
19.31
19.31
25.486
25.486
25.486
25.486
25.486
19.31
19.31
19.31
19.31
19.31
25.631
25.631
25.631
25.631
25.631
18.277
18.277
18.277
18.277
18.277
19.465
19.465
19.465
19.465
19.465
19.328
19.328
19.328
19.328
19.328
23.23
23.23
23.23
23.23
23.23
21.435
21.435
21.435
21.435
21.435
10.088
10.088
10.088
10.088
10.088
42.378
42.378
42.378
42.378
42.378
22.477
22.477
22.477
22.477
22.477
21.728
21.728
21.728
21.728
21.728
15.539
15.539
15.539
15.539
15.539
15.54
15.54
15.54
15.54
15.54
14.199
14.199
14.199
14.199
14.199
22.984
22.984
22.984
22.984
22.984
12.525
12.525
12.525
12.525
12.525
24.467
24.467
24.467
24.467
24.467
12.261
12.261
12.261
12.261
12.261
19.579
19.579
19.579
19.579
19.579
13.786
13.786
13.786
13.786
13.786
19.452
19.452
19.452
19.452
19.452
15.911
15.911
15.911
15.911
15.911
17.685
17.685
17.685
17.685
17.685
26.181
26.181
26.181
26.181
26.181
22.791
22.791
22.791
22.791
22.791
19.284
19.284
19.284
19.284
19.284
13.281
13.281
13.281
13.281
13.281
29.047
29.047
29.047
29.047
29.047
12.857
12.857
12.857
12.857
12.857
13.275
13.275
13.275
13.275
13.275
14.598
14.598
14.598
14.598
14.598
26.201
26.201
26.201
26.201
26.201
24.935
24.935
24.935
24.935
24.935
16.347
16.347
16.347
16.347
16.347
22.182
22.182
22.182
22.182
22.182
18.969
18.969
18.969
18.969
18.969
18.525
18.525
18.525
18.525
18.525
14.049
14.049
14.049
14.049
14.049
20.509
20.509
20.509
20.509
20.509
17.308
17.308
17.308
17.308
17.308
18.016
18.016
18.016
18.016
18.016
19.89
19.89
19.89
19.89
19.89
19.891
19.891
19.891
19.891
19.891
17.461
17.461
17.461
17.461
17.461
20.655
20.655
20.655
20.655
20.655
16.675
16.675
16.675
16.675
16.675
16.831
16.831
16.831
16.831
16.831
14.554
14.554
14.554
14.554
14.554
16.511
16.511
16.511
16.511
16.511
17.116
17.116
17.116
17.116
17.116
19.576
19.576
19.576
19.576
19.576
27.211
27.211
27.211
27.211
27.211
15.579
15.579
15.579
15.579
15.579
27.237
27.237
27.237
27.237
27.237
27.378
27.378
27.378
27.378
27.378
20.501
20.501
20.501
20.501
20.501
26.762
26.762
26.762
26.762
26.762
31.957
31.957
31.957
31.957
31.957
18.971
18.971
18.971
18.971
18.971
11.795
11.795
11.795
11.795
11.795
27.66
27.66
27.66
27.66
27.66
21.109
21.109
21.109
21.109
21.109
17.617
17.617
17.617
17.617
17.617
14.045
14.045
14.045
14.045
14.045
22.702
22.702
22.702
22.702
22.702
16.675
16.675
16.675
16.675
16.675
11.083
11.083
11.083
11.083
11.083
17.0
17.0
17.0
17.0
