3508
213
297
129
192
200
221
146
135
87
153
123
100
114
81
111
70
144
68
98
79
120
94
103
114
72
130
90
110
139
132
122
69
62
68
106
84
63
84
91
77
99
69
80
77
57
69
117
140
61
82
74
71
69
68
74
133
122
138
84
98
89
86
68
71
72
93
95
92
71
74
82
80
85
60
84
63
65
87
86
94
111
103
65
168
60
62
121
84
92
60
73
64
84
79
71
84
80
56
61
105
58
73
85
63
74
103
78
62
58
65
78
77
59
86
71
85
57
112
71
92
64
79
89
138
178
54
115
50
157
75
62
95
89
69
59
85
108
64
61
102
85
73
79
134
69
110
98
138
81
74
72
60
57
59
64
63
76
83
84
71
104
166
97
78
83
90
105
71
105
103
79
67
97
66
74
96
121
75
80
66
100
88
81
86
95
76
100
60
59
65
81
71
84
57
82
59
96
79
84
60
92
90
83
68
91
86
83
59
133
113
75
122
70
82
66
61
77
86
67
85
66
64
73
59
82
152
60
53
67
121
59
80
82
89
61
100
65
88
71
67
69
100
85
67
63
77
85
69
75
147
80
96
80
91
65
58
70
70
75
65
69
135
59
84
71
66
134
70
62
69
104
59
62
62
85
52
107
81
59
63
69
75
76
72
61
64
89
79
78
83
66
69
89
61
112
73
69
103
94
127
68
71
79
89
88
66
163
66
66
88
54
83
70
69
108
91
102
63
94
72
94
69
65
65
78
70
116
94
78
74
72
61
86
68
90
64
66
67
59
64
64
66
90
101
65
60
85
75
76
137
73
58
81
86
72
69
62
67
68
71
72
71
96
64
56
61
55
74
60
59
61
63
74
93
58
66
88
74
60
76
60
64
103
73
66
57
104
56
86
96
84
86
71
73
73
56
57
61
