0.0
0.0
0.0
0.0
0.0
74.386
74.386
74.386
74.386
74.386
32.589
32.589
32.589
32.589
32.589
32.661
32.661
32.661
32.661
32.661
31.218
31.218
31.218
31.218
31.218
37.616
37.616
37.616
37.616
37.616
18.385
18.385
18.385
18.385
18.385
37.433
37.433
37.433
37.433
37.433
30.938
30.938
30.938
30.938
30.938
33.17
33.17
33.17
33.17
33.17
36.072
36.072
36.072
36.072
36.072
25.636
25.636
25.636
25.636
25.636
30.695
30.695
30.695
30.695
30.695
23.419
23.419
23.419
23.419
23.419
26.502
26.502
26.502
26.502
26.502
37.082
37.082
37.082
37.082
37.082
24.447
24.447
24.447
24.447
24.447
33.167
33.167
33.167
33.167
33.167
34.408
34.408
34.408
34.408
34.408
35.157
35.157
35.157
35.157
35.157
25.626
25.626
25.626
25.626
25.626
30.864
30.864
30.864
30.864
30.864
37.236
37.236
37.236
37.236
37.236
27.681
27.681
27.681
27.681
27.681
32.958
32.958
32.958
32.958
32.958
56.028
56.028
56.028
56.028
56.028
63.612
63.612
63.612
63.612
63.612
39.965
39.965
39.965
39.965
39.965
35.145
35.145
35.145
35.145
35.145
34.904
34.904
34.904
34.904
34.904
41.481
41.481
41.481
41.481
41.481
38.715
38.715
38.715
38.715
38.715
33.923
33.923
33.923
33.923
33.923
31.622
31.622
31.622
31.622
31.622
31.351
31.351
31.351
31.351
31.351
39.107
39.107
39.107
39.107
39.107
23.287
23.287
23.287
23.287
23.287
22.695
22.695
22.695
22.695
22.695
24.456
24.456
24.456
24.456
24.456
29.301
29.301
29.301
29.301
29.301
22.372
22.372
22.372
22.372
22.372
30.25
30.25
30.25
30.25
30.25
24.865
24.865
24.865
24.865
24.865
32.235
32.235
32.235
32.235
32.235
28.303
28.303
28.303
28.303
28.303
24.327
24.327
24.327
24.327
24.327
40.0
40.0
40.0
40.0
40.0
53.571
53.571
53.571
53.571
53.571
44.285
44.285
44.285
44.285
44.285
32.144
32.144
32.144
32.144
32.144
30.713
30.713
30.713
30.713
30.713
30.0
30.0
30.0
30.0
30.0
18.571
18.571
18.571
18.571
18.571
24.999
24.999
24.999
24.999
24.999
21.428
21.428
21.428
21.428
21.428
22.858
22.858
22.858
22.858
22.858
24.284
24.284
24.284
24.284
24.284
21.43
21.43
21.43
21.43
21.43
43.57
43.57
43.57
43.57
43.57
24.285
24.285
24.285
24.285
24.285
30.714
30.714
30.714
30.714
