1179
1179
89
86
73
150
102
64
85
73
62
89
67
59
91
133
92
97
81
137
73
75
80
121
60
78
60
127
147
69
68
72
101
57
70
65
72
61
68
60
61
60
73
64
55
64
70
62
69
71
78
64
62
59
100
65
65
56
88
99
76
73
66
54
56
89
54
98
50
58
117
168
81
56
84
51
55
61
54
73
138
75
49
62
81
57
99
53
57
57
93
44
95
84
62
63
73
83
104
54
91
74
86
89
62
81
49
63
83
86
62
72
126
72
59
70
81
52
63
59
56
53
63
67
74
82
50
61
46
59
49
56
64
83
72
77
64
61
55
61
78
78
110
68
66
103
80
103
58
61
66
101
53
52
64
71
73
53
57
78
65
71
76
66
59
89
63
97
96
61
62
53
111
49
70
73
63
68
67
76
74
58
56
73
70
77
52
70
56
64
62
57
85
58
75
82
44
65
58
56
97
55
58
52
72
75
78
52
71
116
66
85
75
82
72
61
62
107
64
66
88
85
66
104
61
68
124
47
52
66
62
56
62
59
170
51
53
57
62
102
46
64
59
61
69
80
64
64
64
86
77
79
54
49
71
99
78
84
62
58
54
63
68
66
45
82
69
58
85
68
73
68
58
69
66
80
54
123
105
71
74
68
53
69
53
85
62
81
102
102
78
62
78
78
94
110
94
78
63
79
63
109
62
110
47
47
62
47
62
125
62
62
62
63
62
62
79
78
62
47
63
62
62
63
62
47
63
63
78
78
78
63
78
109
62
78
79
141
47
93
62
125
62
78
94
63
47
78
63
78
62
62
63
79
78
93
62
62
78
78
63
63
47
78
109
93
63
79
63
93
63
62
156
109
63
78
63
78
94
79
62
62
63
63
62
62
59
62
63
63
63
79
47
78
62
47
63
47
62
62
