0.0
0.0
0.0
0.0
0.0
63.193
63.193
63.193
63.193
63.193
20.967
20.967
20.967
20.967
20.967
37.047
37.047
37.047
37.047
37.047
31.119
31.119
31.119
31.119
31.119
27.253
27.253
27.253
27.253
27.253
34.402
34.402
34.402
34.402
34.402
33.148
33.148
33.148
33.148
33.148
37.118
37.118
37.118
37.118
37.118
38.719
38.719
38.719
38.719
38.719
44.621
44.621
44.621
44.621
44.621
26.626
26.626
26.626
26.626
26.626
30.689
30.689
30.689
30.689
30.689
23.005
23.005
23.005
23.005
23.005
26.288
26.288
26.288
26.288
26.288
22.17
22.17
22.17
22.17
22.17
25.058
25.058
25.058
25.058
25.058
22.142
22.142
22.142
22.142
22.142
19.054
19.054
19.054
19.054
19.054
22.712
22.712
22.712
22.712
22.712
16.454
16.454
16.454
16.454
16.454
17.832
17.832
17.832
17.832
17.832
22.726
22.726
22.726
22.726
22.726
25.599
25.599
25.599
25.599
25.599
18.192
18.192
18.192
18.192
18.192
22.47
22.47
22.47
22.47
22.47
23.9
23.9
23.9
23.9
23.9
29.766
29.766
29.766
29.766
29.766
17.707
17.707
17.707
17.707
17.707
24.45
24.45
24.45
24.45
24.45
17.187
17.187
17.187
17.187
17.187
25.598
25.598
25.598
25.598
25.598
20.245
20.245
20.245
20.245
20.245
19.588
19.588
19.588
19.588
19.588
19.993
19.993
19.993
19.993
19.993
18.334
18.334
18.334
18.334
18.334
21.7
21.7
21.7
21.7
21.7
39.861
39.861
39.861
39.861
39.861
35.218
35.218
35.218
35.218
35.218
21.019
21.019
21.019
21.019
21.019
18.464
18.464
18.464
18.464
18.464
23.347
23.347
23.347
23.347
23.347
16.187
16.187
16.187
16.187
16.187
27.461
27.461
27.461
27.461
27.461
22.608
22.608
22.608
22.608
22.608
20.802
20.802
20.802
20.802
20.802
23.853
23.853
23.853
23.853
23.853
18.256
18.256
18.256
18.256
18.256
22.815
22.815
22.815
22.815
22.815
19.35
19.35
19.35
19.35
19.35
19.515
19.515
19.515
19.515
19.515
22.436
22.436
22.436
22.436
22.436
20.241
20.241
20.241
20.241
20.241
37.293
37.293
37.293
37.293
37.293
42.946
42.946
42.946
42.946
42.946
47.531
47.531
47.531
47.531
47.531
42.944
42.944
42.944
42.944
42.944
51.903
51.903
51.903
51.903
51.903
47.335
47.335
47.335
47.335
47.335
43.572
43.572
43.572
43.572
43.572
46.501
46.501
46.501
46.501
46.501
42.623
42.623
42.623
42.623
42.623
41.997
41.997
41.997
41.997
41.997
47.673
47.673
47.673
47.673
47.673
43.145
43.145
43.145
43.145
43.145
46.936
46.936
46.936
46.936
46.936
43.359
43.359
43.359
43.359
43.359
44.517
44.517
44.517
44.517
44.517
45.047
45.047
45.047
45.047
45.047
40.817
40.817
40.817
40.817
40.817
43.776
43.776
43.776
43.776
43.776
44.199
44.199
44.199
44.199
44.199
41.778
41.778
41.778
41.778
41.778
39.059
39.059
39.059
39.059
39.059
28.089
28.089
28.089
28.089
28.089
20.761
20.761
20.761
20.761
20.761
19.611
19.611
19.611
19.611
19.611
21.644
21.644
21.644
21.644
21.644
23.887
23.887
23.887
23.887
23.887
23.444
23.444
23.444
23.444
23.444
27.147
27.147
27.147
27.147
27.147
22.672
22.672
22.672
22.672
22.672
21.554
21.554
21.554
21.554
21.554
15.031
15.031
15.031
15.031
15.031
21.145
21.145
21.145
21.145
21.145
21.156
21.156
21.156
21.156
21.156
15.715
15.715
15.715
15.715
15.715
18.943
18.943
18.943
18.943
18.943
20.534
20.534
20.534
20.534
20.534
30.64
30.64
30.64
30.64
30.64
18.861
18.861
18.861
18.861
18.861
27.556
27.556
27.556
27.556
27.556
21.303
21.303
21.303
21.303
21.303
27.024
27.024
27.024
27.024
27.024
34.452
34.452
34.452
34.452
34.452
20.633
20.633
20.633
20.633
20.633
25.087
25.087
25.087
25.087
25.087
21.534
21.534
21.534
21.534
21.534
28.747
28.747
28.747
28.747
28.747
25.429
25.429
25.429
25.429
25.429
19.146
19.146
19.146
19.146
19.146
18.526
18.526
18.526
18.526
18.526
23.581
23.581
23.581
23.581
23.581
22.826
22.826
22.826
22.826
22.826
19.353
19.353
19.353
19.353
19.353
20.58
20.58
20.58
20.58
20.58
21.161
21.161
21.161
21.161
21.161
25.433
25.433
25.433
25.433
25.433
26.876
26.876
26.876
26.876
26.876
16.916
16.916
16.916
16.916
16.916
24.394
24.394
24.394
24.394
24.394
23.724
23.724
23.724
23.724
23.724
20.591
20.591
20.591
20.591
20.591
34.319
34.319
34.319
34.319
34.319
15.147
15.147
15.147
15.147
15.147
