1357
82
57
81
1923
99
80
73
71
79
82
72
64
526
75
75
131
70
90
81
74
65
64
81
61
71
68
83
106
92
81
151
89
73
59
105
64
81
59
144
79
98
62
70
64
63
60
88
63
74
67
56
52
64
87
80
122
88
61
63
96
77
71
91
69
60
88
73
76
68
84
69
91
55
58
70
74
68
64
62
67
89
69
74
80
60
100
54
71
61
75
74
53
124
84
91
61
61
80
55
113
102
82
75
74
68
80
70
96
66
56
97
78
107
96
105
69
113
66
66
78
70
67
75
75
73
51
111
88
77
56
103
128
56
64
62
113
70
112
83
61
59
133
100
52
66
65
59
115
58
63
71
64
59
67
63
86
56
99
72
64
133
56
67
63
77
52
57
73
63
57
62
71
76
64
65
75
86
71
75
51
74
62
62
69
85
152
108
59
91
82
64
85
64
104
73
68
69
88
106
88
101
66
95
66
68
57
66
70
60
89
52
68
86
104
55
83
79
66
73
63
85
90
104
62
75
73
73
89
104
68
80
62
107
63
91
88
94
95
86
77
79
69
65
72
96
104
55
65
82
95
77
74
77
68
63
68
70
68
79
176
84
116
61
59
75
64
65
73
85
80
74
74
118
101
75
77
83
69
48
84
86
90
64
67
68
90
93
62
69
73
94
111
96
59
69
108
60
75
81
75
65
73
147
77
80
79
56
76
99
63
102
130
58
91
97
84
101
70
113
73
78
73
77
67
70
75
99
74
82
70
71
86
61
53
71
61
65
67
58
58
95
130
119
86
107
62
69
69
87
115
65
84
110
92
74
67
70
144
64
58
88
100
90
64
105
77
83
66
69
107
72
65
56
69
83
63
58
54
69
81
84
60
76
75
154
74
96
91
93
85
73
61
59
127
70
