0.0
0.0
0.0
0.0
0.0
73.659
73.659
73.659
73.659
73.659
12.003
12.003
12.003
12.003
12.003
23.831
23.831
23.831
23.831
23.831
14.955
14.955
14.955
14.955
14.955
18.276
18.276
18.276
18.276
18.276
15.743
15.743
15.743
15.743
15.743
22.604
22.604
22.604
22.604
22.604
20.032
20.032
20.032
20.032
20.032
53.716
53.716
53.716
53.716
53.716
31.651
31.651
31.651
31.651
31.651
34.397
34.397
34.397
34.397
34.397
21.588
21.588
21.588
21.588
21.588
20.61
20.61
20.61
20.61
20.61
15.666
15.666
15.666
15.666
15.666
23.608
23.608
23.608
23.608
23.608
18.207
18.207
18.207
18.207
18.207
23.541
23.541
23.541
23.541
23.541
22.786
22.786
22.786
22.786
22.786
21.971
21.971
21.971
21.971
21.971
17.443
17.443
17.443
17.443
17.443
28.033
28.033
28.033
28.033
28.033
22.736
22.736
22.736
22.736
22.736
20.154
20.154
20.154
20.154
20.154
28.361
28.361
28.361
28.361
28.361
21.846
21.846
21.846
21.846
21.846
22.05
22.05
22.05
