0.0
0.0
0.0
0.0
0.0
22.028
22.028
22.028
22.028
22.028
25.488
25.488
25.488
25.488
25.488
19.024
19.024
19.024
19.024
19.024
19.31
19.31
19.31
19.31
19.31
16.777
16.777
16.777
16.777
16.777
19.465
19.465
19.465
19.465
19.465
15.706
15.706
15.706
15.706
15.706
17.206
17.206
17.206
17.206
17.206
21.725
21.725
21.725
21.725
21.725
15.863
15.863
15.863
15.863
15.863
23.377
23.377
23.377
23.377
23.377
24.881
24.881
24.881
24.881
24.881
20.969
20.969
20.969
20.969
20.969
31.512
31.512
31.512
31.512
31.512
28.974
28.974
28.974
28.974
28.974
18.875
18.875
18.875
18.875
18.875
28.631
28.631
28.631
28.631
