0.0
0.0
0.0
0.0
0.0
57.173
57.173
57.173
57.173
57.173
34.086
34.086
34.086
34.086
34.086
41.669
41.669
41.669
41.669
41.669
30.603
30.603
30.603
30.603
30.603
26.399
26.399
26.399
26.399
26.399
43.042
43.042
43.042
43.042
43.042
34.419
34.419
34.419
34.419
34.419
35.533
35.533
35.533
35.533
35.533
34.426
34.426
34.426
34.426
34.426
31.666
31.666
31.666
31.666
31.666
36.686
36.686
36.686
36.686
36.686
25.334
25.334
25.334
25.334
25.334
27.258
27.258
27.258
27.258
27.258
45.486
45.486
45.486
45.486
45.486
29.491
29.491
29.491
29.491
29.491
30.004
30.004
30.004
30.004
30.004
33.862
33.862
33.862
33.862
33.862
28.714
28.714
28.714
28.714
28.714
21.086
21.086
21.086
21.086
21.086
21.813
21.813
21.813
21.813
21.813
19.141
19.141
19.141
19.141
19.141
23.979
23.979
23.979
23.979
23.979
38.112
38.112
38.112
38.112
38.112
25.844
25.844
25.844
25.844
25.844
30.362
30.362
30.362
30.362
30.362
26.054
26.054
26.054
26.054
26.054
25.03
25.03
25.03
25.03
25.03
31.462
31.462
31.462
31.462
31.462
24.651
24.651
24.651
24.651
24.651
22.242
22.242
22.242
22.242
22.242
33.7
33.7
33.7
33.7
33.7
27.396
27.396
27.396
27.396
27.396
30.216
30.216
30.216
30.216
30.216
24.667
24.667
24.667
24.667
24.667
24.187
24.187
24.187
24.187
24.187
29.618
29.618
29.618
29.618
29.618
30.107
30.107
30.107
30.107
30.107
29.608
29.608
29.608
29.608
29.608
30.621
30.621
30.621
30.621
30.621
42.493
42.493
42.493
42.493
42.493
33.908
33.908
33.908
33.908
33.908
33.293
33.293
33.293
33.293
33.293
39.851
39.851
39.851
39.851
39.851
31.684
31.684
31.684
31.684
31.684
30.808
30.808
30.808
30.808
30.808
61.086
61.086
61.086
61.086
61.086
27.192
27.192
27.192
27.192
27.192
28.708
28.708
28.708
28.708
28.708
49.623
49.623
49.623
49.623
49.623
52.654
52.654
52.654
52.654
52.654
53.791
53.791
53.791
53.791
53.791
62.484
62.484
62.484
62.484
62.484
55.78
55.78
55.78
55.78
55.78
61.531
61.531
61.531
61.531
61.531
53.305
53.305
53.305
53.305
53.305
47.919
47.919
47.919
47.919
47.919
65.361
65.361
65.361
65.361
65.361
57.092
57.092
57.092
57.092
57.092
60.94
60.94
60.94
60.94
60.94
53.097
53.097
53.097
53.097
53.097
51.541
51.541
51.541
51.541
51.541
58.729
58.729
58.729
58.729
