1198
1199
103
144
100
128
85
72
94
119
63
94
81
100
69
72
131
111
79
101
92
83
115
63
68
57
108
57
57
58
71
65
77
97
77
60
75
84
85
92
78
71
56
59
59
65
53
72
114
62
52
66
66
67
61
77
90
102
56
67
62
55
47
58
68
72
62
70
61
56
65
61
53
87
57
70
51
120
86
100
46
55
81
66
50
59
51
86
108
55
52
59
91
68
83
61
58
80
95
69
82
80
102
55
59
70
74
67
77
64
63
57
93
66
100
69
66
72
66
70
68
63
64
56
83
73
121
66
58
69
111
89
67
60
77
53
84
61
99
69
58
68
82
68
65
79
74
53
94
69
55
75
58
61
56
72
65
81
57
61
65
70
75
111
61
65
65
58
61
59
68
67
62
76
94
84
70
70
78
94
76
100
59
91
84
69
60
72
53
62
66
82
64
55
57
104
62
70
67
58
49
57
55
67
76
70
56
70
61
55
65
76
87
80
66
91
52
75
72
109
63
86
87
53
68
68
55
78
74
79
54
72
56
87
72
62
49
75
94
60
59
55
65
131
79
82
64
64
79
97
69
61
55
73
77
56
64
101
86
65
78
75
68
55
81
70
71
73
63
51
50
66
50
73
55
65
57
59
67
69
48
52
49
62
59
52
69
72
88
78
57
57
76
61
104
56
69
59
69
83
54
62
58
65
66
52
57
54
90
88
71
54
79
84
67
52
51
58
90
64
108
59
60
65
66
74
74
57
66
54
90
70
68
64
47
72
116
60
51
64
78
85
56
79
76
78
133
56
55
63
74
65
46
79
57
48
49
143
129
66
57
79
63
109
57
78
74
115
109
55
79
98
73
59
78
69
71
78
58
65
54
61
77
81
83
66
112
63
51
75
125
67
60
77
60
56
54
56
69
74
