0.0
0.0
0.0
0.0
0.0
13.279
13.279
13.279
13.279
13.279
17.723
17.723
17.723
17.723
17.723
23.098
23.098
23.098
23.098
23.098
26.756
26.756
26.756
26.756
26.756
17.884
17.884
17.884
17.884
17.884
30.577
30.577
30.577
30.577
30.577
31.329
31.329
31.329
31.329
31.329
43.542
43.542
43.542
43.542
43.542
38.405
38.405
38.405
38.405
38.405
31.863
31.863
31.863
31.863
31.863
24.469
24.469
24.469
24.469
24.469
21.451
21.451
21.451
21.451
21.451
30.217
30.217
30.217
30.217
30.217
21.721
21.721
21.721
21.721
21.721
20.552
20.552
20.552
20.552
20.552
28.562
28.562
28.562
28.562
28.562
29.687
29.687
29.687
29.687
29.687
34.105
34.105
34.105
34.105
34.105
13.878
13.878
13.878
13.878
13.878
18.005
18.005
18.005
18.005
18.005
6.993
6.993
6.993
6.993
6.993
13.033
13.033
13.033
13.033
13.033
13.705
13.705
13.705
13.705
13.705
9.198
9.198
9.198
9.198
9.198
11.993
11.993
11.993
11.993
11.993
9.268
9.268
9.268
9.268
9.268
16.29
16.29
16.29
16.29
16.29
13.362
13.362
13.362
13.362
13.362
20.182
20.182
20.182
20.182
20.182
22.948
22.948
22.948
22.948
22.948
17.436
17.436
17.436
17.436
17.436
10.735
10.735
10.735
10.735
10.735
21.569
21.569
