1613
102
65
55
104
62
2154
131
66
75
117
64
72
70
90
653
99
73
74
82
66
83
62
72
59
59
674
69
149
76
96
127
579
115
67
73
53
52
79
70
70
92
66
76
59
58
78
67
75
81
92
64
56
70
58
84
78
73
103
132
54
62
95
88
72
54
61
83
92
62
87
60
70
96
86
85
75
87
79
69
118
62
72
73
60
60
58
75
66
68
55
63
56
115
74
63
69
57
60
89
78
78
80
73
104
63
57
82
63
60
85
84
54
52
64
51
75
72
49
51
62
72
50
60
58
46
79
75
50
56
86
80
55
49
73
77
67
112
64
66
62
80
62
75
174
50
52
66
58
57
68
88
67
46
60
173
74
88
55
52
60
48
48
57
70
87
56
74
82
114
69
128
85
52
70
63
70
53
82
87
86
113
64
94
80
62
71
66
91
60
57
109
81
82
