100.0
100.0
100.0
100.0
100.0
33.124
33.124
33.124
33.124
33.124
37.534
37.534
37.534
37.534
37.534
57.908
57.908
57.908
57.908
86.882
86.882
86.882
86.882
86.882
60.164
60.164
60.164
60.164
60.164
26.856
26.856
26.856
26.856
26.856
22.92
22.92
22.92
22.92
22.92
18.43
18.43
18.43
18.43
18.43
28.364
28.364
28.364
28.364
28.364
31.903
31.903
31.903
31.903
31.903
29.454
29.454
29.454
29.454
29.454
14.941
14.941
14.941
14.941
14.941
25.634
25.634
25.634
25.634
25.634
15.697
15.697
15.697
15.697
15.697
23.983
23.983
23.983
23.983
23.983
25.199
25.199
25.199
25.199
25.199
22.626
22.626
22.626
22.626
22.626
31.944
31.944
31.944
31.944
31.944
14.948
14.948
14.948
14.948
14.948
15.795
15.795
15.795
15.795
15.795
7.062
7.062
7.062
7.062
7.062
21.576
21.576
21.576
21.576
21.576
33.222
33.222
33.222
33.222
33.222
19.384
19.384
19.384
19.384
19.384
18.116
18.116
18.116
18.116
18.116
16.189
16.189
16.189
16.189
16.189
21.877
21.877
21.877
21.877
21.877
15.702
15.702
15.702
15.702
15.702
20.673
20.673
20.673
20.673
20.673
22.179
22.179
22.179
22.179
22.179
18.034
18.034
18.034
18.034
18.034
17.965
17.965
17.965
17.965
17.965
13.279
13.279
13.279
13.279
13.279
22.461
22.461
22.461
22.461
22.461
15.148
15.148
15.148
15.148
15.148
21.289
21.289
21.289
21.289
21.289
15.746
15.746
15.746
15.746
15.746
26.898
26.898
26.898
26.898
26.898
21.572
21.572
21.572
