2913
101
97
172
79
93
78
81
99
86
114
68
83
75
108
164
56
197
54
78
79
72
69
62
57
53
65
65
93
59
92
91
66
72
112
59
92
59
60
56
68
57
74
81
55
53
61
129
56
66
50
70
55
77
89
61
62
91
73
69
93
84
82
99
94
80
57
73
106
69
64
71
56
75
62
61
97
85
66
55
75
57
78
58
76
107
60
60
59
70
103
113
78
57
52
52
101
49
116
56
64
54
87
52
65
74
67
72
56
87
106
81
60
53
58
63
61
53
57
56
102
66
85
64
61
89
56
84
57
62
111
61
119
76
63
103
58
99
78
57
72
59
68
81
67
62
90
76
60
61
82
90
87
62
79
138
54
105
62
66
98
54
55
54
66
93
65
60
86
80
100
61
65
70
86
64
75
75
52
76
65
79
81
56
59
57
81
65
84
78
63
91
53
84
51
86
62
68
59
62
