0.0
0.0
0.0
0.0
0.0
32.884
32.884
32.884
32.884
32.884
32.625
32.625
32.625
32.625
32.625
22.634
22.634
22.634
22.634
22.634
17.321
17.321
17.321
17.321
17.321
48.522
48.522
48.522
48.522
48.522
48.365
48.365
48.365
48.365
48.365
48.885
48.885
48.885
48.885
48.885
22.639
22.639
22.639
22.639
22.639
17.441
17.441
17.441
17.441
17.441
18.81
18.81
18.81
18.81
18.81
35.148
35.148
35.148
35.148
35.148
17.76
17.76
17.76
17.76
17.76
26.14
26.14
26.14
26.14
26.14
16.676
16.676
16.676
16.676
16.676
20.501
20.501
20.501
20.501
20.501
22.029
22.029
22.029
22.029
22.029
19.28
19.28
19.28
19.28
19.28
23.408
23.408
23.408
23.408
23.408
19.892
19.892
19.892
19.892
19.892
11.915
11.915
11.915
11.915
11.915
22.482
22.482
22.482
22.482
22.482
13.618
13.618
13.618
13.618
13.618
19.458
19.458
19.458
19.458
19.458
15.912
15.912
15.912
15.912
15.912
20.804
20.804
20.804
20.804
20.804
19.89
19.89
19.89
19.89
19.89
10.741
10.741
10.741
10.741
10.741
25.227
25.227
25.227
25.227
25.227
25.462
25.462
25.462
25.462
25.462
20.043
20.043
20.043
20.043
20.043
10.496
10.496
10.496
10.496
10.496
21.418
21.418
21.418
21.418
21.418
9.973
9.973
9.973
9.973
9.973
19.126
19.126
19.126
19.126
19.126
9.621
9.621
9.621
9.621
9.621
10.911
10.911
10.911
10.911
10.911
10.559
10.559
10.559
10.559
10.559
16.84
16.84
16.84
16.84
16.84
16.887
16.887
16.887
16.887
16.887
14.554
14.554
14.554
14.554
14.554
27.039
27.039
27.039
27.039
27.039
15.56
15.56
15.56
15.56
15.56
11.916
11.916
11.916
11.916
11.916
34.516
34.516
34.516
34.516
34.516
46.594
46.594
46.594
46.594
46.594
12.26
12.26
12.26
12.26
12.26
31.201
31.201
31.201
31.201
31.201
9.797
9.797
9.797
9.797
9.797
19.205
19.205
19.205
19.205
19.205
13.196
13.196
13.196
13.196
13.196
18.239
18.239
18.239
18.239
18.239
23.096
23.096
23.096
23.096
23.096
18.15
18.15
18.15
18.15
18.15
10.742
10.742
10.742
10.742
10.742
17.757
17.757
17.757
17.757
17.757
14.555
14.555
14.555
14.555
14.555
18.969
18.969
18.969
18.969
18.969
24.467
24.467
24.467
24.467
24.467
22.333
22.333
22.333
22.333
22.333
14.217
14.217
14.217
14.217
14.217
6.552
6.552
6.552
6.552
6.552
17.601
17.601
17.601
17.601
17.601
19.725
19.725
19.725
19.725
19.725
18.811
18.811
18.811
18.811
18.811
16.348
16.348
16.348
16.348
16.348
20.659
20.659
20.659
20.659
20.659
9.797
9.797
9.797
9.797
9.797
20.958
20.958
20.958
20.958
20.958
23.405
23.405
23.405
23.405
23.405
19.759
19.759
19.759
19.759
19.759
7.135
7.135
7.135
7.135
7.135
22.331
22.331
22.331
22.331
22.331
26.47
26.47
26.47
26.47
26.47
27.208
27.208
27.208
27.208
27.208
23.256
23.256
23.256
23.256
23.256
15.912
15.912
15.912
15.912
15.912
15.08
15.08
15.08
15.08
15.08
14.216
14.216
14.216
14.216
14.216
8.271
8.271
8.271
8.271
8.271
19.733
19.733
19.733
19.733
19.733
10.979
10.979
10.979
10.979
10.979
24.759
24.759
24.759
24.759
24.759
22.331
22.331
22.331
22.331
22.331
17.685
17.685
17.685
17.685
17.685
12.853
12.853
12.853
12.853
12.853
16.677
16.677
16.677
16.677
16.677
17.882
17.882
17.882
17.882
17.882
19.285
19.285
19.285
19.285
19.285
11.92
11.92
11.92
11.92
11.92
21.721
21.721
21.721
21.721
21.721
17.601
17.601
17.601
17.601
17.601
22.937
22.937
22.937
22.937
22.937
19.439
19.439
19.439
19.439
19.439
12.091
12.091
12.091
12.091
12.091
17.598
17.598
17.598
17.598
17.598
28.909
28.909
28.909
28.909
28.909
14.548
14.548
14.548
14.548
14.548
31.707
31.707
31.707
