3378
133
234
139
175
130
126
120
167
102
153
111
133
107
108
177
102
106
91
167
116
138
93
152
117
119
81
72
89
170
101
79
84
172
108
87
75
78
85
84
102
106
69
77
82
91
79
74
97
72
66
93
128
101
72
87
107
122
159
67
183
126
76
67
67
97
72
149
83
97
116
77
61
83
58
144
127
149
85
74
69
74
85
83
130
80
122
69
87
123
75
86
113
70
142
128
70
84
148
105
80
125
104
96
142
129
83
102
89
92
169
146
93
138
99
138
89
154
104
146
115
91
128
187
171
90
95
101
156
94
92
166
110
123
166
145
73
114
78
81
122
81
185
130
67
81
72
112
177
159
123
92
91
65
69
65
117
60
91
112
103
84
65
66
73
82
68
110
79
138
76
95
65
102
142
94
80
89
75
91
80
123
98
82
120
68
65
118
77
62
63
68
98
116
108
69
88
76
79
83
83
89
63
75
94
88
77
92
124
133
161
78
83
76
56
63
101
65
77
97
122
89
62
112
89
59
98
66
80
58
61
108
102
66
61
122
60
76
74
100
100
155
145
98
107
69
92
74
70
103
82
91
72
151
83
111
109
63
105
73
90
77
75
67
168
88
93
136
93
83
103
88
92
123
97
93
100
71
70
101
118
105
151
95
84
85
94
72
64
78
67
112
78
64
99
67
105
125
96
107
92
99
90
78
101
107
131
82
64
85
75
64
72
150
112
69
85
99
117
122
138
144
108
95
69
146
72
68
71
67
103
73
169
91
155
94
151
99
80
83
64
67
82
121
65
113
102
66
74
111
116
168
94
118
76
91
70
124
65
82
55
63
69
126
107
76
164
98
85
127
88
72
86
77
140
90
84
70
80
102
62
98
111
83
101
121
157
83
91
132
100
112
64
55
67
63
73
91
91
