0.0
0.0
0.0
0.0
0.0
26.381
26.381
26.381
26.381
26.381
26.622
26.622
26.622
26.622
26.622
21.421
21.421
21.421
21.421
21.421
23.377
23.377
23.377
23.377
23.377
27.172
27.172
27.172
27.172
27.172
27.137
27.137
27.137
27.137
27.137
22.613
22.613
22.613
22.613
22.613
24.736
24.736
24.736
24.736
24.736
24.849
24.849
24.849
24.849
24.849
29.644
29.644
29.644
29.644
29.644
18.905
18.905
18.905
18.905
18.905
18.68
18.68
18.68
18.68
18.68
14.699
14.699
14.699
14.699
14.699
18.703
18.703
18.703
18.703
18.703
13.526
13.526
13.526
13.526
13.526
