0.0
0.0
0.0
0.0
0.0
60.416
60.416
60.416
60.416
60.416
44.747
44.747
44.747
44.747
44.747
22.409
22.409
22.409
22.409
22.409
24.011
24.011
24.011
24.011
24.011
29.219
29.219
29.219
29.219
29.219
22.961
22.961
22.961
22.961
22.961
25.037
25.037
25.037
25.037
25.037
21.536
21.536
21.536
21.536
21.536
25.854
25.854
25.854
25.854
91.762
91.762
91.762
97.853
97.853
97.853
97.853
97.853
23.591
23.591
23.591
23.591
23.591
19.53
19.53
19.53
19.53
19.53
25.652
25.652
25.652
25.652
25.652
20.434
20.434
20.434
20.434
20.434
22.893
22.893
22.893
22.893
22.893
19.032
19.032
19.032
19.032
19.032
19.147
19.147
19.147
19.147
19.147
15.625
15.625
15.625
15.625
15.625
21.305
21.305
21.305
21.305
21.305
21.947
21.947
21.947
21.947
21.947
21.198
21.198
21.198
21.198
21.198
23.872
23.872
23.872
23.872
23.872
22.169
22.169
22.169
22.169
22.169
16.057
16.057
16.057
16.057
16.057
22.191
22.191
22.191
22.191
22.191
24.529
24.529
24.529
24.529
24.529
18.494
18.494
18.494
18.494
18.494
25.377
25.377
25.377
25.377
25.377
17.78
17.78
17.78
17.78
17.78
21.26
21.26
21.26
21.26
21.26
21.492
21.492
21.492
21.492
21.492
16.91
16.91
16.91
16.91
16.91
17.629
17.629
17.629
17.629
17.629
29.826
29.826
29.826
29.826
29.826
22.551
22.551
22.551
22.551
22.551
21.163
21.163
21.163
21.163
21.163
19.731
19.731
19.731
19.731
19.731
14.163
14.163
14.163
14.163
14.163
16.267
16.267
16.267
16.267
16.267
17.375
17.375
17.375
17.375
17.375
24.994
24.994
24.994
24.994
24.994
19.963
19.963
19.963
19.963
19.963
20.891
20.891
20.891
20.891
20.891
21.602
21.602
21.602
21.602
21.602
24.057
24.057
24.057
24.057
24.057
17.819
17.819
17.819
17.819
17.819
24.239
24.239
24.239
24.239
24.239
21.525
21.525
21.525
21.525
21.525
19.793
19.793
19.793
19.793
19.793
16.235
16.235
16.235
16.235
16.235
19.771
19.771
19.771
19.771
19.771
20.652
20.652
20.652
20.652
20.652
24.405
24.405
24.405
24.405
24.405
21.735
21.735
21.735
21.735
21.735
16.583
16.583
16.583
16.583
16.583
19.851
19.851
19.851
19.851
19.851
19.129
19.129
19.129
19.129
19.129
37.777
37.777
37.777
37.777
37.777
23.206
23.206
23.206
23.206
23.206
14.555
14.555
14.555
14.555
14.555
19.262
19.262
19.262
19.262
19.262
19.37
19.37
19.37
19.37
19.37
19.718
19.718
19.718
19.718
19.718
18.612
18.612
18.612
18.612
18.612
17.581
17.581
17.581
17.581
17.581
19.727
19.727
19.727
19.727
19.727
18.529
18.529
18.529
18.529
18.529
14.351
14.351
14.351
14.351
14.351
15.531
15.531
15.531
15.531
15.531
29.739
29.739
29.739
29.739
29.739
14.722
14.722
14.722
14.722
14.722
21.631
21.631
21.631
21.631
21.631
22.824
22.824
22.824
22.824
22.824
21.356
21.356
21.356
21.356
21.356
19.083
19.083
19.083
19.083
19.083
18.713
18.713
18.713
18.713
18.713
16.998
16.998
16.998
16.998
16.998
16.342
16.342
16.342
16.342
16.342
17.454
17.454
17.454
17.454
17.454
20.145
20.145
20.145
20.145
20.145
23.868
23.868
23.868
23.868
23.868
17.207
17.207
17.207
17.207
17.207
14.439
14.439
14.439
14.439
14.439
21.188
21.188
21.188
21.188
21.188
18.203
18.203
18.203
18.203
18.203
25.457
25.457
25.457
25.457
25.457
23.138
23.138
23.138
23.138
23.138
19.562
19.562
19.562
19.562
19.562
21.117
21.117
21.117
21.117
21.117
25.532
25.532
25.532
25.532
25.532
21.035
21.035
21.035
21.035
21.035
22.98
22.98
22.98
22.98
22.98
23.604
23.604
23.604
23.604
23.604
13.895
13.895
13.895
13.895
13.895
16.825
16.825
16.825
16.825
16.825
21.218
21.218
21.218
21.218
21.218
18.237
18.237
18.237
18.237
18.237
18.563
18.563
18.563
18.563
18.563
16.284
16.284
16.284
16.284
16.284
18.064
18.064
18.064
18.064
18.064
24.851
24.851
24.851
24.851
24.851
21.206
21.206
21.206
21.206
21.206
16.994
16.994
16.994
16.994
16.994
22.063
22.063
22.063
22.063
22.063
13.687
13.687
13.687
13.687
13.687
19.446
19.446
19.446
19.446
19.446
16.53
16.53
16.53
16.53
16.53
21.219
21.219
21.219
21.219
21.219
26.702
26.702
26.702
26.702
26.702
24.095
24.095
24.095
24.095
24.095
22.707
22.707
22.707
22.707
22.707
18.992
18.992
18.992
18.992
18.992
18.952
18.952
18.952
18.952
18.952
18.516
18.516
18.516
18.516
18.516
39.128
39.128
39.128
39.128
39.128
20.204
20.204
20.204
20.204
20.204
19.46
19.46
19.46
19.46
19.46
21.98
21.98
21.98
21.98
21.98
20.947
20.947
20.947
20.947
20.947
20.817
20.817
20.817
20.817
20.817
19.486
19.486
19.486
19.486
19.486
16.959
16.959
16.959
16.959
