1450
151
83
2043
146
65
73
102
85
66
67
66
63
123
102
77
64
105
121
82
79
110
72
78
73
67
88
69
87
73
128
100
77
132
63
72
60
59
91
70
102
66
63
71
121
78
136
83
62
70
76
65
73
60
59
76
96
89
80
58
56
90
64
68
80
107
131
58
82
58
78
65
71
87
105
94
59
75
62
64
59
80
80
97
74
103
70
102
65
76
95
75
84
70
97
64
70
68
86
71
68
65
100
72
64
93
82
68
58
65
81
92
63
62
82
84
66
82
72
72
121
95
81
82
80
63
79
63
64
86
67
115
87
65
141
64
81
96
61
131
86
71
71
68
85
77
73
102
94
65
85
88
64
71
58
62
83
82
94
62
86
81
67
87
83
88
72
72
68
118
77
79
139
116
69
92
70
70
62
87
64
95
65
76
57
81
71
69
88
71
83
75
85
74
83
65
86
99
61
73
75
105
73
66
97
97
79
105
57
101
78
64
72
81
79
104
75
86
61
89
115
60
76
71
93
76
68
89
70
91
56
89
96
71
100
67
61
83
61
52
133
71
90
90
67
88
73
104
74
155
90
94
69
74
62
99
66
61
59
94
82
88
81
66
101
93
104
67
75
84
58
88
84
78
79
79
70
88
70
63
61
65
77
65
93
65
74
83
58
77
67
65
66
89
72
85
70
64
97
77
106
68
77
64
69
67
68
63
70
85
80
69
64
83
65
90
64
79
127
70
91
89
68
91
68
118
71
68
87
121
85
115
86
80
76
90
80
54
70
77
87
87
56
56
79
74
72
57
74
70
78
55
110
78
68
57
61
75
68
96
56
69
90
65
73
112
81
91
86
87
58
96
60
68
66
60
135
83
86
64
75
65
67
60
60
61
90
58
89
91
68
98
54
85
71
91
78
68
