0.0
0.0
0.0
0.0
0.0
58.806
58.806
58.806
58.806
58.806
16.789
16.789
16.789
16.789
16.789
19.776
19.776
19.776
19.776
19.776
18.889
18.889
18.889
18.889
18.889
19.513
19.513
19.513
19.513
19.513
32.239
32.239
32.239
32.239
32.239
21.931
21.931
21.931
21.931
21.931
26.846
26.846
26.846
26.846
26.846
37.829
37.829
37.829
37.829
37.829
20.762
20.762
20.762
20.762
20.762
22.754
22.754
22.754
22.754
22.754
21.936
21.936
21.936
21.936
21.936
22.429
22.429
22.429
22.429
22.429
29.721
29.721
29.721
29.721
29.721
25.261
25.261
25.261
25.261
25.261
23.758
23.758
23.758
23.758
23.758
19.345
19.345
19.345
19.345
19.345
21.954
21.954
21.954
21.954
21.954
17.702
17.702
17.702
17.702
17.702
21.393
21.393
21.393
21.393
21.393
19.493
19.493
19.493
19.493
19.493
26.185
26.185
26.185
26.185
26.185
19.386
19.386
19.386
19.386
19.386
40.243
40.243
40.243
40.243
40.243
20.092
20.092
20.092
20.092
20.092
19.585
19.585
19.585
19.585
19.585
20.786
20.786
20.786
20.786
20.786
19.766
19.766
19.766
19.766
19.766
23.157
23.157
23.157
23.157
23.157
21.272
21.272
21.272
21.272
21.272
22.026
22.026
22.026
22.026
22.026
23.647
23.647
23.647
23.647
23.647
28.957
28.957
28.957
28.957
28.957
18.687
18.687
18.687
18.687
18.687
25.194
25.194
25.194
25.194
25.194
25.279
25.279
25.279
25.279
25.279
32.0
32.0
32.0
32.0
32.0
76.173
76.173
76.173
76.173
76.173
32.54
32.54
32.54
32.54
88.445
88.445
88.445
88.445
88.445
36.016
36.016
36.016
36.016
74.895
74.895
74.895
74.895
74.895
36.107
36.107
36.107
36.107
36.107
16.965
16.965
16.965
16.965
16.965
20.669
20.669
20.669
20.669
20.669
16.098
16.098
16.098
16.098
16.098
15.48
15.48
15.48
15.48
15.48
32.61
32.61
32.61
32.61
32.61
19.538
19.538
19.538
19.538
19.538
29.377
29.377
29.377
29.377
29.377
17.14
17.14
17.14
17.14
17.14
22.766
22.766
22.766
22.766
22.766
25.029
25.029
25.029
25.029
25.029
24.889
24.889
24.889
24.889
24.889
22.567
22.567
22.567
22.567
22.567
20.627
20.627
20.627
20.627
20.627
19.142
19.142
19.142
19.142
19.142
21.195
21.195
21.195
21.195
21.195
18.121
18.121
18.121
18.121
18.121
16.846
16.846
16.846
16.846
16.846
20.293
20.293
20.293
20.293
20.293
15.6
15.6
15.6
15.6
15.6
18.93
18.93
18.93
18.93
18.93
18.019
18.019
18.019
18.019
18.019
20.951
20.951
20.951
20.951
20.951
21.38
21.38
21.38
21.38
21.38
20.15
20.15
20.15
20.15
20.15
20.064
20.064
20.064
20.064
20.064
23.223
23.223
23.223
23.223
23.223
21.41
21.41
21.41
21.41
21.41
22.594
22.594
22.594
22.594
22.594
19.145
19.145
19.145
19.145
19.145
20.609
20.609
20.609
20.609
20.609
20.696
20.696
20.696
20.696
20.696
23.171
23.171
23.171
23.171
23.171
15.678
15.678
15.678
15.678
15.678
25.876
25.876
25.876
25.876
25.876
17.056
17.056
17.056
17.056
17.056
20.993
20.993
20.993
20.993
20.993
19.596
19.596
19.596
19.596
19.596
35.882
35.882
35.882
35.882
35.882
15.51
15.51
15.51
15.51
15.51
18.969
18.969
18.969
18.969
18.969
21.235
21.235
21.235
21.235
21.235
17.395
17.395
17.395
17.395
17.395
20.744
20.744
20.744
20.744
20.744
15.316
15.316
15.316
15.316
15.316
23.951
23.951
23.951
23.951
23.951
13.115
13.115
13.115
13.115
13.115
15.999
15.999
15.999
15.999
15.999
21.189
21.189
21.189
21.189
21.189
23.845
23.845
23.845
23.845
23.845
16.84
16.84
16.84
16.84
16.84
14.536
14.536
14.536
14.536
14.536
22.677
22.677
22.677
22.677
22.677
27.971
27.971
27.971
27.971
27.971
19.359
19.359
19.359
19.359
19.359
17.077
17.077
17.077
17.077
17.077
77.177
77.177
77.177
77.177
77.177
15.374
15.374
15.374
15.374
15.374
18.914
18.914
18.914
18.914
18.914
18.889
18.889
18.889
18.889
18.889
22.562
22.562
22.562
22.562
22.562
19.319
19.319
19.319
19.319
19.319
22.033
22.033
22.033
22.033
22.033
21.77
21.77
21.77
21.77
21.77
23.164
23.164
23.164
23.164
23.164
23.658
23.658
23.658
23.658
23.658
20.921
20.921
20.921
20.921
20.921
18.913
18.913
18.913
18.913
18.913
22.978
22.978
22.978
22.978
22.978
17.88
17.88
17.88
17.88
17.88
24.423
24.423
24.423
24.423
24.423
16.552
16.552
16.552
16.552
16.552
25.94
25.94
25.94
25.94
25.94
21.404
21.404
21.404
21.404
21.404
29.353
29.353
29.353
29.353
29.353
20.041
20.041
20.041
20.041
20.041
16.893
16.893
16.893
16.893
16.893
20.367
20.367
20.367
20.367
20.367
16.077
16.077
16.077
16.077
16.077
26.668
26.668
26.668
26.668
26.668
25.184
25.184
25.184
25.184
25.184
23.689
23.689
23.689
23.689
23.689
18.567
18.567
18.567
18.567
18.567
18.453
18.453
18.453
