1377
129
107
87
74
93
96
99
69
59
81
95
93
61
104
90
64
88
86
79
80
62
70
89
58
112
97
82
74
64
66
107
82
67
60
95
79
59
62
125
84
156
68
84
81
80
97
61
74
59
85
76
68
109
106
53
78
117
63
97
72
77
115
76
61
79
78
88
122
104
70
68
68
61
83
142
81
63
80
137
116
77
61
54
92
60
89
72
70
80
75
76
56
56
60
93
81
84
69
65
120
61
75
67
62
71
65
68
71
62
64
98
104
132
83
74
75
67
101
69
66
65
69
63
68
101
62
60
89
71
76
67
164
64
77
102
106
69
83
97
66
84
90
78
71
65
78
105
73
69
94
68
60
85
96
86
85
68
93
87
61
51
115
89
93
75
76
117
81
67
66
84
81
102
96
64
74
67
76
84
76
82
69
84
54
62
75
58
137
69
85
111
55
93
64
96
76
63
69
57
71
63
83
85
143
76
64
75
70
57
67
79
59
77
56
56
66
58
101
85
101
92
103
88
86
83
62
75
94
74
172
113
106
71
70
76
88
55
70
91
53
155
62
89
67
80
75
69
65
85
60
66
60
84
122
92
63
72
62
88
98
71
58
74
68
85
75
95
56
77
65
101
74
88
80
68
143
76
126
141
85
67
71
71
90
75
69
96
71
64
67
73
67
80
64
81
106
79
86
73
71
106
88
78
85
65
74
70
116
67
92
118
79
113
110
58
64
92
62
59
100
88
83
57
74
77
94
126
68
63
75
72
72
91
67
60
75
93
81
98
77
68
97
72
83
87
136
84
76
69
124
65
69
67
100
67
71
109
107
66
63
63
78
75
55
71
56
72
66
95
81
115
84
80
63
62
76
52
83
74
145
68
75
58
81
83
59
64
75
79
72
57
73
67
83
65
86
205
88
97
