100.0
100.0
100.0
100.0
100.0
33.708
33.708
33.708
33.708
33.708
17.209
17.209
17.209
17.209
17.209
36.392
36.392
36.392
36.392
36.392
33.146
33.146
33.146
33.146
33.146
16.771
16.771
16.771
16.771
16.771
19.468
19.468
19.468
19.468
19.468
22.024
22.024
22.024
22.024
22.024
24.447
24.447
24.447
24.447
24.447
26.277
26.277
26.277
26.277
26.277
24.565
24.565
24.565
24.565
24.565
15.54
15.54
15.54
15.54
15.54
24.886
24.886
24.886
24.886
24.886
22.017
22.017
22.017
22.017
22.017
16.565
16.565
16.565
16.565
16.565
19.755
19.755
19.755
19.755
19.755
32.756
32.756
32.756
32.756
32.756
35.899
35.899
35.899
35.899
35.899
18.399
18.399
18.399
18.399
18.399
33.767
33.767
33.767
33.767
33.767
30.979
30.979
30.979
30.979
30.979
13.106
13.106
13.106
13.106
13.106
17.368
17.368
17.368
17.368
17.368
18.712
18.712
18.712
18.712
18.712
20.116
20.116
20.116
20.116
20.116
13.359
13.359
13.359
13.359
13.359
19.0
19.0
19.0
19.0
19.0
23.523
23.523
23.523
23.523
23.523
22.481
22.481
22.481
22.481
22.481
22.322
22.322
22.322
22.322
22.322
16.081
16.081
16.081
16.081
16.081
16.026
16.026
16.026
16.026
16.026
17.208
17.208
17.208
17.208
17.208
19.18
19.18
19.18
19.18
19.18
24.024
24.024
24.024
24.024
24.024
19.418
19.418
19.418
19.418
19.418
14.986
