2890
118
73
61
3388
89
74
108
71
81
80
141
63
61
77
89
90
77
105
62
84
94
78
60
1131
79
78
67
79
117
67
43
68
106
64
67
60
72
79
73
79
61
100
84
77
68
60
66
130
79
75
84
80
71
89
57
104
59
57
57
63
75
87
62
57
88
68
81
99
82
57
66
75
75
84
63
62
78
61
137
55
98
69
56
80
66
62
58
60
101
55
80
65
68
68
65
66
59
61
109
80
99
77
53
58
54
60
62
88
101
68
76
89
131
75
106
137
57
66
58
80
68
122
56
68
50
88
54
87
62
67
55
66
53
103
87
79
67
66
85
71
92
50
103
58
68
58
59
64
91
107
91
66
54
61
85
64
86
62
56
56
77
78
68
63
54
67
61
64
80
72
61
67
70
63
83
80
86
71
62
60
86
57
60
84
61
61
60
65
60
72
69
61
51
62
91
76
