0.0
0.0
0.0
0.0
0.0
56.094
56.094
56.094
56.094
56.094
28.636
28.636
28.636
28.636
28.636
19.364
19.364
19.364
19.364
19.364
28.024
28.024
28.024
28.024
28.024
26.668
26.668
26.668
26.668
26.668
25.68
25.68
25.68
25.68
25.68
28.993
28.993
28.993
28.993
28.993
35.401
35.401
35.401
35.401
35.401
36.379
36.379
36.379
36.379
36.379
30.955
30.955
30.955
30.955
30.955
23.283
23.283
23.283
23.283
23.283
23.599
23.599
23.599
23.599
23.599
17.33
17.33
17.33
17.33
17.33
35.031
35.031
35.031
35.031
35.031
30.723
30.723
30.723
30.723
30.723
