0.0
0.0
0.0
0.0
0.0
19.734
19.734
19.734
19.734
19.734
12.511
12.511
12.511
12.511
12.511
11.745
11.745
11.745
11.745
11.745
10.035
10.035
10.035
10.035
10.035
7.14
7.14
7.14
7.14
7.14
14.273
14.273
14.273
14.273
14.273
22.328
22.328
22.328
22.328
22.328
39.269
39.269
39.269
39.269
39.269
17.535
17.535
17.535
17.535
17.535
28.359
28.359
28.359
28.359
28.359
16.507
16.507
16.507
16.507
16.507
29.526
29.526
29.526
29.526
29.526
21.12
21.12
21.12
21.12
21.12
20.097
20.097
20.097
20.097
20.097
23.525
23.525
23.525
23.525
23.525
12.085
12.085
12.085
12.085
12.085
16.965
16.965
16.965
16.965
16.965
12.337
12.337
12.337
12.337
12.337
9.085
9.085
9.085
9.085
9.085
12.765
12.765
12.765
12.765
12.765
13.11
13.11
13.11
13.11
13.11
12.764
12.764
12.764
12.764
12.764
11.842
11.842
11.842
11.842
11.842
8.043
8.043
8.043
8.043
8.043
7.433
7.433
7.433
7.433
7.433
12.928
12.928
12.928
12.928
12.928
4.858
4.858
4.858
4.858
4.858
5.817
5.817
5.817
5.817
5.817
10.628
10.628
10.628
10.628
10.628
16.956
16.956
16.956
16.956
16.956
15.211
15.211
15.211
15.211
15.211
15.38
15.38
15.38
15.38
15.38
23.067
23.067
23.067
23.067
23.067
27.86
27.86
27.86
27.86
27.86
16.45
16.45
16.45
16.45
16.45
