2043
109
111
63
78
89
85
119
59
109
66
58
79
65
53
106
85
57
67
68
55
72
69
97
73
90
109
111
62
89
58
69
65
88
92
54
106
59
68
108
54
97
80
94
79
77
98
63
78
51
56
73
57
76
110
67
68
60
57
66
60
67
67
59
74
86
97
74
53
50
82
60
99
68
84
77
79
51
61
70
64
57
76
116
67
74
75
54
59
67
70
68
79
70
53
69
49
96
92
89
82
76
62
69
61
60
51
58
57
69
62
89
66
71
57
52
68
61
53
79
57
61
55
115
135
72
84
60
76
55
64
92
77
88
67
69
59
88
106
55
60
74
70
61
50
59
68
54
61
61
52
53
55
75
52
51
86
81
60
84
54
62
120
55
49
51
108
64
70
94
79
67
113
63
74
66
65
71
54
69
61
79
65
86
72
103
87
65
65
78
65
75
71
60
71
78
83
76
77
92
