0.0
0.0
0.0
0.0
0.0
55.128
55.128
55.128
55.128
55.128
25.192
25.192
25.192
25.192
25.192
18.375
18.375
18.375
18.375
18.375
28.603
28.603
28.603
28.603
28.603
32.321
32.321
32.321
32.321
32.321
38.991
38.991
38.991
38.991
38.991
25.499
25.499
25.499
25.499
25.499
26.484
26.484
26.484
26.484
26.484
41.266
41.266
41.266
41.266
41.266
31.2
31.2
31.2
31.2
31.2
30.542
30.542
30.542
30.542
30.542
34.847
34.847
34.847
34.847
34.847
24.019
24.019
24.019
24.019
24.019
27.356
27.356
27.356
27.356
27.356
