0.0
64.634
71.951
67.5
76.19
0.0
0.0
0.0
0.0
0.0
45.472
55.555
35.0
0.0
0.0
0.0
0.0
0.0
0.0
0.0
60.06
55.555
22.5
28.235
19.753
27.058
22.222
0.0
0.0
0.0
45.092
63.414
69.879
62.65
62.195
66.666
0.0
0.0
0.0
0.0
42.65
41.463
42.682
46.428
0.0
0.0
0.0
0.0
0.0
0.0
32.926
37.209
26.506
21.951
18.518
27.5
38.372
43.75
42.857
0.0
41.42
39.285
34.177
0.0
0.0
0.0
0.0
0.0
0.0
0.0
36.098
32.142
0.0
0.0
0.0
0.0
0.0
0.0
0.0
0.0
37.651
37.179
54.117
0.0
0.0
0.0
0.0
0.0
0.0
0.0
35.956
31.645
35.294
0.0
0.0
0.0
0.0
0.0
0.0
0.0
36.335
33.333
36.25
0.0
0.0
0.0
0.0
0.0
0.0
