2387
209
217
201
418
607
213
175
289
269
156
713
576
184
633
266
250
233
611
314
324
203
424
195
303
299
571
292
425
680
568
253
394
150
195
165
156
390
268
154
465
365
271
340
508
251
186
382
237
131
479
283
656
423
187
260
313
332
1032
226
283
291
224
199
334
554
253
274
233
436
337
299
393
328
654
325
479
448
280
254
396
733
170
421
487
499
369
568
251
337
171
185
314
455
355
397
712
485
286
204
212
316
307
331
189
179
206
464
402
189
375
423
511
313
596
439
320
249
370
238
221
188
194
375
311
214
263
229
179
184
210
170
826
200
329
311
133
157
239
144
778
127
256
282
411
347
209
212
330
238
313
154
409
681
177
240
205
118
398
123
225
176
895
147
196
215
331
125
589
456
311
228
297
359
426
600
268
327
403
482
208
326
463
422
298
525
333
326
587
220
800
155
220
371
