0.0
0.0
0.0
0.0
0.0
61.385
61.385
61.385
61.385
61.385
22.063
22.063
22.063
22.063
22.063
26.088
26.088
26.088
26.088
26.088
32.679
32.679
32.679
32.679
32.679
27.266
27.266
27.266
27.266
27.266
26.418
26.418
26.418
26.418
26.418
37.859
37.859
37.859
37.859
37.859
25.028
25.028
25.028
25.028
25.028
35.888
35.888
35.888
35.888
35.888
11.012
11.012
11.012
11.012
11.012
31.427
31.427
31.427
31.427
31.427
29.275
29.275
29.275
29.275
29.275
31.903
31.903
31.903
31.903
31.903
34.703
34.703
34.703
34.703
34.703
33.533
33.533
33.533
33.533
33.533
43.239
43.239
43.239
43.239
43.239
31.551
31.551
31.551
31.551
31.551
29.931
29.931
29.931
29.931
29.931
33.932
33.932
33.932
33.932
33.932
38.89
38.89
38.89
38.89
38.89
28.709
28.709
28.709
28.709
28.709
29.598
29.598
29.598
29.598
29.598
28.602
28.602
28.602
28.602
28.602
30.722
30.722
30.722
30.722
30.722
29.602
29.602
29.602
29.602
29.602
19.36
19.36
19.36
19.36
19.36
22.851
22.851
22.851
22.851
22.851
20.571
20.571
20.571
20.571
20.571
14.013
14.013
14.013
14.013
14.013
20.369
20.369
20.369
20.369
20.369
18.95
18.95
18.95
18.95
18.95
21.94
21.94
21.94
21.94
21.94
22.247
22.247
22.247
22.247
22.247
21.082
21.082
21.082
21.082
21.082
20.141
20.141
20.141
20.141
20.141
47.342
47.342
47.342
47.342
47.342
19.403
19.403
19.403
19.403
19.403
20.942
20.942
