1399
118
91
90
94
2196
82
79
73
67
87
72
67
78
67
66
82
75
92
79
81
67
71
74
65
58
465
65
74
68
64
77
58
58
69
56
56
120
69
74
84
68
55
97
89
130
712
91
70
62
76
62
87
68
72
75
87
83
75
151
94
53
55
93
61
66
93
75
69
69
53
81
51
81
62
54
71
90
78
68
71
79
57
84
71
60
67
78
46
60
73
77
103
101
59
70
96
71
59
118
71
61
91
99
58
63
70
69
80
62
122
76
78
70
64
83
68
65
68
84
98
72
78
56
56
51
75
65
59
85
77
93
51
56
65
61
57
82
73
71
69
75
78
57
58
124
56
76
85
56
88
65
52
74
64
69
64
67
110
64
78
96
79
82
60
77
51
54
61
62
62
54
65
54
77
57
64
72
77
46
62
74
57
74
71
64
57
70
80
69
60
114
65
75
