100.0
100.0
100.0
100.0
100.0
58.046
58.046
58.046
58.046
58.046
17.228
17.228
17.228
17.228
17.228
23.656
23.656
23.656
23.656
23.656
33.961
33.961
33.961
33.961
33.961
28.866
28.866
28.866
28.866
28.866
23.293
23.293
23.293
23.293
23.293
31.418
31.418
31.418
31.418
31.418
20.258
20.258
20.258
20.258
20.258
36.389
36.389
36.389
36.389
36.389
18.469
18.469
18.469
18.469
18.469
33.044
33.044
33.044
33.044
33.044
36.035
36.035
36.035
36.035
36.035
25.818
25.818
25.818
25.818
25.818
15.928
15.928
15.928
15.928
15.928
27.652
27.652
27.652
27.652
27.652
19.847
19.847
19.847
19.847
19.847
21.402
21.402
21.402
21.402
21.402
28.37
28.37
28.37
28.37
28.37
20.036
20.036
20.036
20.036
20.036
23.753
23.753
23.753
23.753
23.753
20.724
20.724
20.724
20.724
20.724
28.067
28.067
28.067
28.067
28.067
36.109
36.109
36.109
36.109
36.109
28.643
28.643
28.643
28.643
28.643
22.624
22.624
22.624
22.624
22.624
21.544
21.544
21.544
21.544
21.544
26.344
26.344
26.344
26.344
26.344
21.23
21.23
21.23
21.23
21.23
16.349
16.349
16.349
16.349
16.349
26.976
26.976
26.976
26.976
26.976
17.672
17.672
17.672
17.672
17.672
21.31
21.31
21.31
21.31
21.31
23.873
23.873
23.873
23.873
23.873
19.886
19.886
19.886
19.886
19.886
18.517
18.517
18.517
18.517
18.517
16.365
16.365
16.365
16.365
16.365
19.471
19.471
19.471
19.471
19.471
29.152
29.152
29.152
29.152
29.152
19.02
19.02
19.02
19.02
19.02
18.894
18.894
18.894
18.894
18.894
18.33
18.33
18.33
18.33
18.33
25.919
25.919
25.919
25.919
25.919
19.815
19.815
19.815
19.815
19.815
19.89
19.89
19.89
19.89
19.89
27.436
27.436
27.436
27.436
27.436
23.834
23.834
23.834
23.834
23.834
23.951
23.951
23.951
23.951
23.951
66.247
66.247
66.247
66.247
100.0
100.0
100.0
100.0
76.819
76.819
76.819
76.819
76.819
23.537
23.537
