1432
117
68
79
88
2198
116
90
80
61
66
66
72
107
96
75
85
67
56
77
82
58
67
651
66
59
48
57
122
57
112
55
96
62
70
63
73
62
75
62
86
68
72
929
73
74
71
79
61
63
129
62
69
60
58
81
57
64
66
69
59
99
56
50
77
116
114
57
50
74
59
64
134
52
86
60
80
102
65
54
53
80
79
63
75
73
61
50
60
62
77
63
59
54
54
96
69
60
53
51
52
56
67
56
80
50
64
66
66
86
59
80
88
60
76
59
75
91
59
77
82
78
65
64
78
85
62
92
65
61
60
89
69
52
70
57
96
74
78
56
78
95
72
66
68
54
54
58
53
76
87
82
89
56
75
51
55
70
61
54
46
62
62
82
59
58
47
96
89
50
88
65
57
55
51
63
80
60
49
47
61
65
62
48
68
66
82
58
94
71
69
61
89
88
70
