0.0
0.0
0.0
0.0
0.0
62.979
62.979
62.979
62.979
62.979
21.229
21.229
21.229
21.229
21.229
28.899
28.899
28.899
28.899
28.899
28.753
28.753
28.753
28.753
28.753
30.547
30.547
30.547
30.547
30.547
38.571
38.571
38.571
38.571
38.571
13.573
13.573
13.573
13.573
13.573
25.001
25.001
25.001
25.001
25.001
22.858
22.858
22.858
22.858
22.858
26.424
26.424
26.424
26.424
26.424
19.999
19.999
19.999
19.999
19.999
25.715
25.715
25.715
25.715
25.715
20.003
20.003
20.003
20.003
20.003
17.14
17.14
17.14
17.14
17.14
13.571
13.571
13.571
13.571
13.571
35.714
35.714
35.714
35.714
35.714
52.145
52.145
