0.0
0.0
0.0
0.0
0.0
29.522
29.522
29.522
29.522
29.522
22.33
22.33
22.33
22.33
22.33
24.416
24.416
24.416
24.416
24.416
23.082
23.082
23.082
23.082
23.082
30.404
30.404
30.404
30.404
30.404
19.18
19.18
19.18
19.18
19.18
23.383
23.383
23.383
23.383
23.383
16.722
16.722
16.722
16.722
16.722
25.487
25.487
25.487
25.487
25.487
19.465
19.465
19.465
19.465
19.465
23.836
23.836
23.836
23.836
23.836
11.357
11.357
11.357
11.357
11.357
24.444
24.444
24.444
24.444
24.444
17.381
17.381
17.381
17.381
17.381
22.662
22.662
22.662
22.662
22.662
21.688
21.688
