0.0
0.0
0.0
0.0
10.298
10.298
10.298
10.298
29.092
29.092
29.092
29.092
21.111
21.111
21.111
21.111
19.225
19.225
19.225
19.225
18.015
18.015
18.015
18.015
17.428
17.428
17.428
17.428
26.326
26.326
26.326
26.326
32.472
32.472
32.472
32.472
37.224
37.224
37.224
37.224
39.121
39.121
39.121
39.121
43.204
43.204
43.204
43.204
69.491
69.491
69.491
69.491
63.877
63.877
63.877
63.877
47.83
47.83
47.83
47.83
47.873
47.873
47.873
47.873
42.942
42.942
42.942
42.942
71.295
71.295
71.295
71.295
72.847
72.847
72.847
72.847
41.472
41.472
41.472
41.472
43.02
43.02
43.02
43.02
77.677
77.677
77.677
77.677
84.58
84.58
84.58
84.58
57.442
57.442
57.442
57.442
74.457
74.457
74.457
74.457
58.258
58.258
58.258
64.208
64.208
64.208
64.208
44.636
44.636
44.636
83.642
83.642
83.642
83.642
66.715
66.715
66.715
54.088
54.088
54.088
87.633
87.633
87.633
87.633
11.78
11.78
11.78
11.78
21.249
21.249
21.249
21.249
25.244
25.244
25.244
25.244
17.993
17.993
17.993
17.993
11.546
11.546
11.546
11.546
11.398
11.398
11.398
11.398
10.992
10.992
10.992
10.992
16.021
16.021
16.021
16.021
27.193
27.193
27.193
27.193
14.248
14.248
14.248
14.248
8.164
8.164
8.164
8.164
4.931
4.931
4.931
4.931
4.915
4.915
4.915
4.915
16.123
16.123
16.123
16.123
15.1
15.1
15.1
15.1
11.688
11.688
11.688
11.688
13.412
13.412
13.412
13.412
18.669
18.669
18.669
18.669
18.539
18.539
18.539
18.539
12.269
12.269
12.269
12.269
18.405
18.405
18.405
18.405
17.261
17.261
17.261
17.261
18.162
18.162
18.162
18.162
15.974
15.974
15.974
15.974
16.479
16.479
16.479
16.479
16.251
16.251
16.251
8.175
8.175
8.175
8.175
13.554
13.554
13.554
13.554
23.276
23.276
23.276
23.276
13.556
13.556
13.556
13.556
13.549
13.549
13.549
13.549
13.744
13.744
13.744
13.744
13.548
13.548
13.548
13.548
14.191
14.191
14.191
14.191
15.195
15.195
15.195
15.195
14.192
14.192
14.192
14.192
18.614
18.614
18.614
18.614
8.444
8.444
8.444
8.444
5.577
5.577
5.577
5.577
9.458
9.458
9.458
9.458
7.339
7.339
7.339
7.339
4.116
4.116
4.116
4.116
12.555
12.555
12.555
12.555
6.049
6.049
6.049
6.049
7.512
7.512
7.512
7.512
6.87
6.87
6.87
6.87
11.286
11.286
11.286
11.286
13.546
13.546
13.546
13.546
13.198
13.198
13.198
13.198
20.33
20.33
20.33
20.33
13.768
13.768
13.768
13.768
9.261
9.261
9.261
9.261
14.689
14.689
14.689
14.689
11.485
11.485
