3908
199
298
221
97
109
95
147
135
206
100
113
166
86
118
149
127
127
178
93
109
104
125
146
121
118
122
98
103
138
90
102
123
81
215
81
102
89
88
74
105
161
73
78
81
115
105
97
109
132
138
77
131
99
123
113
98
77
230
94
110
191
116
235
95
176
114
123
82
90
126
148
80
96
174
96
90
92
92
93
99
84
89
107
78
81
168
100
98
85
114
94
84
138
131
170
93
80
219
106
80
102
91
90
76
82
119
122
131
131
88
94
125
109
73
72
82
110
101
194
97
96
83
78
81
86
84
70
96
180
189
79
73
78
98
82
84
141
82
107
141
71
108
108
91
80
125
94
181
72
80
85
138
96
89
78
119
71
64
89
78
66
91
103
79
108
107
110
84
77
82
122
123
122
106
131
89
94
100
80
78
90
92
175
99
87
87
115
78
65
113
88
68
89
160
148
145
114
105
99
85
127
70
94
77
73
150
67
102
123
117
66
84
84
110
94
108
135
125
85
82
85
75
108
82
83
78
122
108
68
134
121
105
136
86
92
102
90
84
98
102
107
128
94
108
106
148
135
88
112
79
84
145
93
68
82
107
88
74
93
77
112
127
161
173
107
120
120
101
73
84
86
162
88
74
90
79
140
105
202
119
121
128
101
89
92
68
93
155
67
87
129
150
105
84
95
150
105
130
73
73
78
79
148
91
82
100
70
114
84
89
106
83
116
190
131
100
131
92
85
107
78
104
85
95
89
136
62
106
90
86
99
84
107
171
69
86
86
64
89
67
65
107
85
181
82
74
208
82
96
74
117
128
86
69
91
95
63
76
91
78
80
69
123
185
79
105
71
83
133
90
121
111
93
95
82
105
75
74
71
81
103
94
159
119
120
84
110
68
87
86
93
78
74
74
88
77
147
118
81
