100.0
100.0
100.0
100.0
100.0
25.31
25.31
25.31
25.31
25.31
15.119
15.119
15.119
15.119
15.119
26.752
26.752
26.752
26.752
26.752
30.622
30.622
30.622
30.622
30.622
28.083
28.083
28.083
28.083
28.083
18.278
18.278
18.278
18.278
18.278
18.555
18.555
18.555
18.555
18.555
17.525
17.525
17.525
17.525
17.525
20.376
20.376
20.376
20.376
20.376
21.568
21.568
21.568
21.568
21.568
16.775
16.775
16.775
16.775
16.775
23.378
23.378
23.378
23.378
23.378
12.944
12.944
12.944
12.944
12.944
26.709
26.709
26.709
26.709
26.709
23.866
23.866
23.866
23.866
23.866
28.16
28.16
28.16
28.16
28.16
40.656
40.656
40.656
40.656
