0.0
0.0
0.0
0.0
0.0
62.003
62.003
62.003
62.003
62.003
20.382
20.382
20.382
20.382
20.382
20.583
20.583
20.583
20.583
20.583
15.132
15.132
15.132
15.132
15.132
29.065
29.065
29.065
29.065
29.065
25.756
25.756
25.756
25.756
25.756
43.044
43.044
43.044
43.044
43.044
45.896
45.896
45.896
45.896
45.896
34.682
34.682
34.682
34.682
34.682
24.502
24.502
24.502
24.502
24.502
25.851
25.851
25.851
25.851
25.851
28.394
28.394
28.394
28.394
88.818
88.818
88.818
88.818
88.818
35.298
35.298
35.298
35.298
35.298
23.024
23.024
23.024
23.024
23.024
20.048
20.048
20.048
20.048
20.048
22.801
22.801
22.801
22.801
22.801
18.353
18.353
18.353
18.353
18.353
22.557
22.557
22.557
22.557
22.557
24.601
24.601
24.601
24.601
24.601
21.27
21.27
21.27
21.27
21.27
25.945
25.945
25.945
25.945
25.945
19.957
19.957
19.957
19.957
19.957
20.732
20.732
20.732
20.732
20.732
19.89
19.89
19.89
19.89
19.89
23.771
23.771
23.771
23.771
23.771
22.565
