0.0
0.0
0.0
0.0
0.0
29.251
29.251
29.251
29.251
29.251
21.274
21.274
21.274
21.274
21.274
21.13
21.13
21.13
21.13
21.13
25.773
25.773
25.773
25.773
25.773
26.241
26.241
26.241
26.241
26.241
22.782
22.782
22.782
22.782
22.782
25.168
25.168
25.168
25.168
25.168
13.449
13.449
13.449
13.449
13.449
24.763
24.763
24.763
24.763
24.763
28.36
28.36
28.36
28.36
28.36
18.118
18.118
18.118
18.118
18.118
28.78
28.78
28.78
28.78
28.78
30.535
30.535
30.535
30.535
30.535
28.361
28.361
28.361
28.361
28.361
17.368
17.368
17.368
17.368
17.368
22.33
22.33
22.33
22.33
22.33
21.722
21.722
21.722
21.722
21.722
21.27
21.27
21.27
21.27
21.27
17.364
17.364
17.364
17.364
17.364
17.962
17.962
17.962
17.962
17.962
24.591
24.591
24.591
24.591
24.591
13.864
13.864
13.864
13.864
13.864
14.033
14.033
14.033
14.033
14.033
39.284
39.284
39.284
39.284
39.284
17.643
17.643
17.643
17.643
17.643
24.881
24.881
24.881
24.881
24.881
16.026
16.026
16.026
16.026
16.026
18.275
18.275
18.275
18.275
18.275
20.975
20.975
20.975
20.975
20.975
19.927
19.927
19.927
19.927
19.927
26.241
26.241
26.241
26.241
26.241
31.243
31.243
31.243
31.243
31.243
18.867
18.867
18.867
18.867
18.867
16.247
16.247
16.247
16.247
16.247
19.57
19.57
19.57
19.57
19.57
24.789
24.789
24.789
24.789
24.789
19.579
19.579
19.579
19.579
19.579
15.761
15.761
15.761
15.761
15.761
18.208
18.208
18.208
18.208
18.208
19.888
19.888
19.888
19.888
19.888
15.651
15.651
15.651
15.651
15.651
19.412
19.412
19.412
19.412
19.412
11.843
11.843
11.843
11.843
11.843
21.723
21.723
21.723
21.723
21.723
24.021
24.021
24.021
24.021
24.021
10.148
10.148
10.148
10.148
10.148
16.514
16.514
16.514
16.514
16.514
23.556
23.556
23.556
23.556
23.556
18.907
18.907
18.907
18.907
18.907
15.139
15.139
15.139
15.139
15.139
15.478
15.478
15.478
15.478
15.478
15.648
15.648
15.648
15.648
15.648
17.756
17.756
17.756
17.756
17.756
13.961
13.961
13.961
13.961
13.961
22.629
22.629
22.629
22.629
22.629
22.475
22.475
22.475
22.475
22.475
16.514
16.514
16.514
16.514
16.514
15.167
15.167
15.167
15.167
15.167
22.009
22.009
22.009
22.009
22.009
19.734
19.734
19.734
19.734
19.734
16.353
16.353
16.353
16.353
16.353
19.75
19.75
19.75
19.75
19.75
20.117
20.117
20.117
20.117
20.117
14.813
14.813
14.813
14.813
14.813
21.572
21.572
21.572
21.572
21.572
21.26
21.26
21.26
21.26
21.26
17.255
17.255
17.255
17.255
17.255
17.438
17.438
17.438
17.438
17.438
17.441
17.441
17.441
17.441
17.441
25.705
25.705
25.705
25.705
25.705
26.47
26.47
26.47
26.47
26.47
28.008
28.008
28.008
28.008
28.008
10.201
10.201
10.201
10.201
10.201
16.838
16.838
16.838
16.838
16.838
23.509
23.509
23.509
23.509
23.509
14.218
14.218
14.218
14.218
14.218
12.703
12.703
12.703
12.703
12.703
26.988
26.988
26.988
26.988
26.988
14.384
14.384
14.384
14.384
14.384
20.658
20.658
20.658
20.658
20.658
17.599
17.599
17.599
17.599
17.599
16.351
16.351
16.351
16.351
16.351
14.811
14.811
14.811
14.811
14.811
