3287
75
125
84
140
125
146
77
81
89
151
105
87
70
77
112
88
79
75
115
84
88
67
121
83
73
82
97
88
71
139
73
73
71
82
73
67
99
80
74
78
64
82
82
74
79
64
89
69
128
72
91
64
92
67
79
81
67
124
114
97
88
62
84
70
74
73
84
145
70
96
89
62
86
76
58
156
100
101
63
68
76
71
101
91
139
74
64
79
52
136
60
53
53
78
65
70
169
147
76
81
59
78
131
69
72
92
60
84
78
70
64
87
84
76
81
62
85
65
83
57
79
62
93
148
82
74
74
105
77
69
68
61
73
91
96
87
96
139
68
54
87
63
68
57
51
62
70
71
110
85
69
86
60
85
69
61
78
83
123
93
89
73
72
84
82
68
70
62
89
87
90
132
62
96
66
58
67
66
64
60
134
99
84
65
64
97
58
91
70
129
75
68
64
69
67
93
56
75
71
94
117
63
56
72
67
85
69
77
73
56
81
68
77
179
68
79
85
80
65
99
76
65
61
61
60
81
68
58
66
69
62
59
62
85
79
49
61
53
85
64
126
83
96
101
60
57
111
70
75
94
59
77
99
62
74
101
74
81
58
72
55
59
79
55
60
69
106
111
133
80
106
70
69
171
81
64
73
86
80
115
66
65
65
50
109
81
65
74
61
71
64
59
99
77
63
76
71
65
106
79
74
84
57
105
71
86
98
66
82
85
65
91
106
79
60
79
73
67
69
77
60
73
70
80
61
73
79
111
114
92
74
60
88
59
62
55
69
66
55
58
59
57
127
87
78
81
84
204
69
71
54
65
78
61
58
93
108
104
69
62
72
101
65
76
75
123
74
83
94
104
70
84
153
65
83
107
83
117
70
99
72
142
69
103
91
65
104
95
56
97
75
82
91
55
91
82
81
81
