0.0
0.0
0.0
0.0
0.0
60.418
60.418
60.418
60.418
60.418
21.256
21.256
21.256
21.256
21.256
24.896
24.896
24.896
24.896
24.896
18.013
18.013
18.013
18.013
18.013
21.574
21.574
21.574
21.574
21.574
19.392
19.392
19.392
19.392
19.392
22.015
22.015
22.015
22.015
22.015
15.469
15.469
15.469
15.469
15.469
17.652
17.652
17.652
17.652
17.652
20.183
20.183
20.183
20.183
20.183
18.057
18.057
18.057
18.057
18.057
22.865
22.865
22.865
22.865
22.865
17.122
17.122
17.122
17.122
17.122
17.464
17.464
17.464
17.464
17.464
24.598
24.598
24.598
24.598
24.598
16.685
16.685
16.685
16.685
16.685
24.564
24.564
24.564
24.564
24.564
36.38
36.38
36.38
36.38
36.38
20.335
20.335
20.335
20.335
20.335
30.784
30.784
30.784
30.784
30.784
19.237
19.237
19.237
19.237
19.237
18.774
18.774
18.774
18.774
18.774
14.794
14.794
14.794
14.794
14.794
19.335
19.335
19.335
19.335
19.335
23.292
23.292
23.292
23.292
23.292
21.874
21.874
21.874
21.874
21.874
15.291
15.291
