0.0
0.0
0.0
0.0
0.0
35.272
35.272
35.272
35.272
35.272
35.52
35.52
35.52
35.52
35.52
28.298
28.298
28.298
28.298
28.298
17.047
17.047
17.047
17.047
17.047
23.23
23.23
23.23
23.23
23.23
18.401
18.401
18.401
18.401
18.401
19.308
19.308
19.308
19.308
19.308
14.033
14.033
14.033
14.033
14.033
16.028
16.028
16.028
16.028
16.028
19.62
19.62
19.62
19.62
19.62
20.525
20.525
20.525
20.525
20.525
18.875
18.875
18.875
18.875
18.875
22.017
22.017
22.017
22.017
22.017
20.082
20.082
20.082
20.082
20.082
25.184
25.184
25.184
25.184
25.184
31.457
31.457
31.457
31.457
31.457
24.276
24.276
24.276
24.276
24.276
10.255
10.255
10.255
