0.0
0.0
0.0
0.0
0.0
46.018
46.018
46.018
46.018
46.018
29.731
29.731
29.731
29.731
29.731
21.428
21.428
21.428
21.428
21.428
30.889
30.889
30.889
30.889
30.889
20.971
20.971
20.971
20.971
20.971
19.23
19.23
19.23
19.23
19.23
23.837
23.837
23.837
23.837
23.837
22.932
22.932
22.932
22.932
22.932
15.423
15.423
15.423
15.423
15.423
22.177
22.177
22.177
22.177
22.177
19.775
19.775
19.775
19.775
19.775
22.306
22.306
22.306
22.306
22.306
13.868
13.868
13.868
13.868
13.868
17.801
17.801
17.801
17.801
17.801
17.228
17.228
17.228
17.228
17.228
30.003
30.003
30.003
30.003
30.003
21.723
21.723
21.723
