0.0
0.0
0.0
0.0
0.0
46.429
46.429
46.429
46.429
46.429
26.567
26.567
26.567
26.567
26.567
47.818
47.818
47.818
47.818
47.818
26.941
26.941
26.941
26.941
26.941
26.394
26.394
26.394
26.394
26.394
46.97
46.97
46.97
46.97
46.97
24.794
24.794
24.794
24.794
24.794
31.112
31.112
31.112
31.112
31.112
37.649
37.649
37.649
37.649
37.649
19.911
19.911
19.911
19.911
19.911
22.026
22.026
22.026
22.026
22.026
18.241
18.241
18.241
18.241
18.241
14.434
14.434
14.434
14.434
14.434
17.643
17.643
17.643
17.643
17.643
17.802
17.802
17.802
17.802
17.802
24.628
24.628
24.628
24.628
24.628
23.379
23.379
23.379
23.379
23.379
37.647
37.647
37.647
37.647
37.647
20.378
20.378
20.378
20.378
20.378
20.245
20.245
20.245
20.245
20.245
16.62
16.62
16.62
16.62
16.62
21.274
21.274
21.274
21.274
21.274
5.979
5.979
5.979
5.979
5.979
15.124
15.124
15.124
15.124
15.124
24.439
24.439
24.439
24.439
24.439
17.686
17.686
17.686
17.686
17.686
16.666
16.666
16.666
16.666
16.666
13.283
13.283
13.283
13.283
13.283
25.195
25.195
25.195
25.195
25.195
15.701
15.701
15.701
15.701
15.701
23.763
23.763
23.763
23.763
23.763
10.199
10.199
10.199
10.199
10.199
15.637
15.637
15.637
15.637
