2880
100
107
73
3394
76
90
92
73
73
61
105
68
58
64
108
103
89
102
77
71
90
79
704
89
67
76
70
72
77
83
57
55
587
93
72
90
103
69
85
85
105
89
83
68
99
71
71
72
72
56
63
60
144
83
54
73
56
93
64
98
79
68
62
61
56
71
63
56
68
62
60
53
68
60
84
75
87
68
73
55
68
79
94
76
76
65
73
76
90
74
65
65
64
68
70
112
78
63
80
94
62
78
69
66
69
73
59
66
58
66
60
57
147
78
60
71
69
62
80
89
50
51
104
139
86
94
105
86
62
53
70
66
48
52
56
74
46
73
63
93
62
61
84
78
95
121
61
63
73
74
50
62
59
54
68
65
64
105
72
68
60
68
78
53
54
57
56
76
64
71
58
69
61
64
63
75
74
61
75
66
54
58
68
85
86
63
129
76
53
99
71
81
56
53
