0.0
0.0
0.0
0.0
0.0
61.79
61.79
61.79
61.79
61.79
18.873
18.873
18.873
18.873
18.873
24.121
24.121
24.121
24.121
24.121
19.315
19.315
19.315
19.315
19.315
23.145
23.145
23.145
23.145
23.145
25.334
25.334
25.334
25.334
25.334
17.305
17.305
17.305
17.305
17.305
20.221
20.221
20.221
20.221
20.221
24.122
24.122
24.122
24.122
24.122
84.531
84.531
84.531
84.531
84.531
57.356
57.356
57.356
57.356
57.356
32.747
32.747
32.747
32.747
32.747
28.355
28.355
28.355
28.355
28.355
21.89
21.89
21.89
21.89
21.89
26.645
26.645
26.645
26.645
26.645
22.821
22.821
22.821
22.821
22.821
24.323
24.323
24.323
24.323
24.323
19.98
19.98
19.98
19.98
19.98
20.168
20.168
20.168
20.168
20.168
23.162
23.162
23.162
23.162
23.162
19.783
19.783
19.783
19.783
19.783
25.272
25.272
25.272
25.272
25.272
23.958
23.958
23.958
23.958
23.958
27.325
27.325
27.325
27.325
27.325
20.861
20.861
20.861
20.861
20.861
21.787
21.787
21.787
21.787
21.787
66.398
66.398
66.398
66.398
50.611
50.611
50.611
50.611
50.611
22.69
22.69
22.69
22.69
22.69
20.099
20.099
20.099
20.099
20.099
23.236
23.236
23.236
23.236
23.236
21.677
21.677
21.677
21.677
21.677
22.411
22.411
22.411
22.411
22.411
23.717
23.717
23.717
23.717
23.717
28.531
28.531
28.531
28.531
28.531
22.801
22.801
22.801
22.801
22.801
22.767
22.767
22.767
22.767
22.767
29.045
29.045
29.045
29.045
29.045
20.628
20.628
20.628
20.628
20.628
22.618
22.618
22.618
22.618
22.618
17.222
17.222
17.222
17.222
17.222
21.501
21.501
21.501
21.501
21.501
26.286
26.286
26.286
26.286
26.286
23.075
23.075
23.075
23.075
23.075
21.341
21.341
21.341
21.341
21.341
23.621
23.621
23.621
23.621
23.621
18.857
18.857
18.857
18.857
18.857
22.146
22.146
22.146
22.146
22.146
27.244
27.244
27.244
27.244
27.244
29.356
29.356
29.356
29.356
29.356
17.007
17.007
17.007
17.007
17.007
22.415
22.415
22.415
22.415
22.415
17.529
17.529
17.529
17.529
17.529
23.176
23.176
23.176
23.176
23.176
16.23
16.23
16.23
16.23
16.23
22.622
22.622
22.622
22.622
22.622
17.876
17.876
17.876
17.876
17.876
27.373
27.373
27.373
27.373
27.373
28.553
28.553
28.553
28.553
28.553
17.499
17.499
17.499
17.499
17.499
17.273
17.273
17.273
17.273
17.273
23.005
23.005
23.005
23.005
23.005
22.951
22.951
22.951
22.951
22.951
18.681
18.681
18.681
18.681
18.681
22.253
22.253
22.253
22.253
22.253
20.439
20.439
20.439
20.439
20.439
21.989
21.989
21.989
21.989
21.989
37.591
37.591
37.591
37.591
37.591
22.727
22.727
22.727
22.727
22.727
25.606
25.606
25.606
25.606
25.606
18.561
18.561
18.561
18.561
18.561
20.104
20.104
20.104
20.104
20.104
26.044
26.044
26.044
26.044
26.044
18.891
18.891
18.891
18.891
18.891
17.195
17.195
17.195
17.195
17.195
24.394
24.394
24.394
24.394
24.394
22.541
22.541
22.541
22.541
22.541
16.271
16.271
16.271
16.271
16.271
22.795
22.795
22.795
22.795
22.795
23.693
23.693
23.693
23.693
23.693
18.732
18.732
18.732
18.732
18.732
19.326
19.326
19.326
19.326
19.326
89.951
89.951
89.951
89.951
89.951
14.665
14.665
14.665
14.665
14.665
12.319
12.319
12.319
12.319
12.319
17.466
17.466
17.466
17.466
17.466
23.753
23.753
23.753
23.753
23.753
17.641
17.641
17.641
17.641
17.641
28.854
28.854
28.854
28.854
28.854
23.46
23.46
23.46
23.46
23.46
21.131
21.131
21.131
21.131
21.131
16.482
16.482
16.482
16.482
16.482
22.492
22.492
22.492
22.492
22.492
25.361
25.361
25.361
25.361
25.361
19.895
19.895
19.895
19.895
19.895
17.535
17.535
17.535
17.535
17.535
25.179
25.179
25.179
25.179
25.179
14.207
14.207
14.207
14.207
14.207
17.234
17.234
17.234
17.234
17.234
19.653
19.653
19.653
19.653
19.653
25.626
25.626
25.626
25.626
25.626
23.661
23.661
23.661
23.661
23.661
15.757
15.757
15.757
15.757
15.757
18.449
18.449
18.449
18.449
18.449
21.853
21.853
21.853
21.853
21.853
22.98
22.98
22.98
22.98
22.98
20.967
20.967
20.967
20.967
20.967
20.305
20.305
20.305
20.305
20.305
27.043
27.043
27.043
27.043
27.043
22.729
22.729
22.729
22.729
22.729
17.975
17.975
17.975
17.975
17.975
25.002
25.002
25.002
25.002
25.002
27.244
27.244
27.244
27.244
27.244
29.099
29.099
29.099
29.099
29.099
24.634
24.634
24.634
24.634
24.634
22.054
22.054
22.054
22.054
22.054
17.714
17.714
17.714
17.714
17.714
18.422
18.422
18.422
18.422
18.422
20.462
20.462
20.462
20.462
20.462
17.783
17.783
17.783
17.783
17.783
26.307
26.307
26.307
26.307
26.307
18.526
18.526
18.526
18.526
18.526
18.457
18.457
18.457
18.457
18.457
21.951
21.951
21.951
21.951
21.951
46.603
46.603
46.603
46.603
46.603
20.79
20.79
20.79
20.79
20.79
20.519
20.519
20.519
20.519
20.519
18.617
18.617
18.617
18.617
18.617
