1361
101
96
75
167
64
72
91
107
196
61
107
127
91
71
86
96
74
108
83
64
89
61
81
72
86
66
87
80
114
89
73
83
75
82
73
67
80
83
107
110
73
67
122
59
83
87
81
101
102
87
67
77
87
85
112
61
67
74
76
89
143
75
97
64
85
100
129
62
61
63
66
72
76
92
97
87
65
80
76
120
75
88
79
78
147
87
98
69
70
100
70
101
87
62
88
88
86
84
67
137
65
81
68
81
69
96
94
98
109
51
70
72
71
60
82
143
60
132
77
97
99
59
65
74
108
78
71
58
64
50
62
86
87
85
70
66
98
81
72
60
59
63
86
91
69
60
63
96
69
149
65
111
78
92
91
111
101
67
58
72
85
82
105
96
98
79
89
59
75
67
110
84
76
67
79
77
75
112
81
66
87
67
179
106
129
82
68
95
63
69
89
92
77
91
82
61
63
133
71
82
61
118
105
69
66
82
74
69
72
70
73
102
111
72
113
83
73
67
75
90
86
81
74
83
86
88
90
65
85
93
57
74
90
73
65
93
67
92
97
90
62
78
67
70
68
59
78
111
89
57
60
76
213
65
230
77
66
81
76
94
60
61
75
114
62
62
76
63
69
67
98
68
82
74
72
80
74
88
66
83
67
107
66
87
60
62
109
102
111
57
82
83
80
59
81
70
75
130
73
87
83
58
63
61
96
76
60
113
80
67
73
102
119
83
137
101
59
59
84
88
62
91
73
84
73
58
63
66
78
77
87
60
74
78
73
58
70
68
68
80
72
71
85
61
71
71
72
89
60
59
72
95
73
65
87
138
63
74
63
96
115
72
64
90
118
66
93
112
78
77
73
110
59
90
65
68
86
81
89
59
118
84
66
96
67
77
104
68
90
64
60
64
81
82
121
66
165
76
150
