0.0
0.0
0.0
0.0
0.0
52.156
52.156
52.156
52.156
52.156
15.126
15.126
15.126
15.126
15.126
22.236
22.236
22.236
22.236
22.236
21.589
21.589
21.589
21.589
21.589
32.616
32.616
32.616
32.616
32.616
28.199
28.199
28.199
28.199
28.199
15.719
15.719
15.719
15.719
15.719
20.173
20.173
20.173
20.173
20.173
21.402
21.402
21.402
21.402
21.402
24.611
24.611
24.611
24.611
24.611
39.201
39.201
39.201
39.201
39.201
20.678
20.678
20.678
20.678
20.678
20.9
20.9
20.9
20.9
20.9
25.627
25.627
25.627
25.627
25.627
21.686
21.686
21.686
21.686
21.686
20.745
20.745
20.745
20.745
20.745
16.72
16.72
16.72
16.72
16.72
23.291
23.291
23.291
23.291
23.291
18.378
18.378
18.378
18.378
18.378
18.192
18.192
18.192
18.192
18.192
19.303
19.303
19.303
19.303
19.303
22.798
22.798
22.798
22.798
22.798
49.145
49.145
49.145
49.145
49.145
35.794
35.794
35.794
35.794
35.794
24.5
24.5
24.5
24.5
24.5
20.062
20.062
20.062
20.062
20.062
20.515
20.515
20.515
20.515
20.515
15.776
15.776
15.776
15.776
15.776
17.349
17.349
17.349
17.349
17.349
15.758
15.758
15.758
15.758
15.758
19.477
19.477
19.477
19.477
19.477
18.119
18.119
18.119
18.119
18.119
22.069
22.069
22.069
22.069
22.069
19.815
19.815
19.815
19.815
19.815
26.694
26.694
26.694
26.694
26.694
25.953
25.953
25.953
25.953
25.953
24.716
24.716
24.716
24.716
24.716
24.141
24.141
24.141
24.141
24.141
61.453
61.453
61.453
61.453
61.453
32.775
32.775
32.775
32.775
32.775
54.074
54.074
54.074
54.074
54.074
20.165
20.165
20.165
20.165
20.165
16.723
16.723
16.723
16.723
16.723
24.873
24.873
24.873
24.873
24.873
18.662
18.662
18.662
18.662
18.662
25.893
25.893
25.893
25.893
25.893
23.602
23.602
23.602
23.602
23.602
19.554
19.554
19.554
19.554
19.554
20.256
20.256
20.256
20.256
20.256
25.482
25.482
25.482
25.482
25.482
20.562
20.562
20.562
20.562
20.562
18.272
18.272
18.272
18.272
18.272
20.807
20.807
20.807
20.807
20.807
19.841
19.841
19.841
19.841
19.841
22.099
22.099
22.099
22.099
22.099
16.472
16.472
16.472
16.472
16.472
22.417
22.417
22.417
22.417
22.417
12.699
12.699
12.699
12.699
12.699
21.837
21.837
21.837
21.837
21.837
15.994
15.994
15.994
15.994
15.994
20.216
20.216
20.216
20.216
20.216
20.649
20.649
20.649
20.649
20.649
26.856
26.856
26.856
26.856
26.856
17.507
17.507
17.507
