1412
86
97
118
86
81
77
194
78
73
87
72
74
62
104
110
93
90
91
68
138
64
75
65
125
117
135
71
80
163
79
106
62
88
72
67
67
90
62
99
72
108
60
69
118
79
119
144
91
136
67
85
88
83
73
71
75
67
81
62
77
88
62
84
74
74
73
82
87
70
69
79
74
77
72
67
80
129
75
72
115
73
56
124
63
73
92
85
76
112
84
90
61
71
61
109
93
95
62
60
64
67
71
72
72
96
76
81
79
62
94
74
80
98
77
70
66
144
78
91
90
88
61
81
72
73
78
82
60
57
106
72
88
64
68
77
59
64
64
74
65
60
89
104
78
57
80
105
104
63
64
86
71
56
80
81
98
82
67
84
66
59
66
57
103
68
81
56
90
104
75
57
57
94
96
122
85
71
112
96
69
72
76
88
58
64
101
69
52
161
85
76
95
63
56
73
83
61
94
75
