100.0
100.0
100.0
100.0
100.0
32.65
32.65
32.65
32.65
32.65
27.744
27.744
27.744
27.744
27.744
65.811
65.811
65.811
65.811
65.811
74.582
74.582
74.582
74.582
74.582
63.009
63.009
63.009
63.009
63.009
41.331
41.331
41.331
41.331
41.331
45.704
45.704
45.704
45.704
45.704
28.362
28.362
28.362
28.362
28.362
24.714
24.714
24.714
24.714
24.714
24.296
24.296
24.296
24.296
24.296
14.951
14.951
14.951
14.951
14.951
25.954
25.954
25.954
25.954
25.954
17.209
17.209
17.209
17.209
17.209
19.059
19.059
19.059
19.059
19.059
19.154
19.154
19.154
19.154
19.154
17.21
17.21
17.21
17.21
17.21
18.712
18.712
18.712
18.712
18.712
14.03
14.03
14.03
14.03
14.03
30.192
30.192
30.192
30.192
30.192
20.081
20.081
20.081
20.081
20.081
23.378
23.378
23.378
23.378
23.378
30.674
30.674
30.674
30.674
30.674
12.517
12.517
12.517
12.517
12.517
23.64
23.64
23.64
23.64
23.64
23.843
23.843
23.843
23.843
23.843
25.772
25.772
25.772
25.772
25.772
11.359
11.359
11.359
11.359
11.359
15.54
15.54
15.54
15.54
15.54
21.577
21.577
21.577
21.577
21.577
22.929
22.929
22.929
22.929
22.929
12.94
12.94
12.94
12.94
12.94
24.419
24.419
24.419
24.419
24.419
13.277
13.277
13.277
13.277
13.277
29.672
29.672
29.672
29.672
29.672
17.961
17.961
17.961
17.961
17.961
17.56
17.56
17.56
17.56
17.56
22.335
22.335
22.335
22.335
22.335
21.421
21.421
21.421
21.421
21.421
19.894
19.894
19.894
19.894
19.894
11.494
11.494
11.494
11.494
11.494
26.76
26.76
26.76
26.76
26.76
21.112
21.112
21.112
21.112
21.112
22.638
22.638
22.638
22.638
22.638
14.981
14.981
14.981
14.981
14.981
20.652
20.652
20.652
20.652
20.652
15.483
15.483
15.483
15.483
15.483
24.468
24.468
24.468
24.468
24.468
13.602
13.602
13.602
13.602
13.602
24.535
24.535
24.535
24.535
24.535
17.052
17.052
17.052
17.052
17.052
22.472
22.472
22.472
22.472
22.472
12.021
12.021
12.021
12.021
12.021
17.603
17.603
17.603
17.603
17.603
27.234
27.234
27.234
27.234
27.234
22.642
22.642
22.642
22.642
22.642
14.047
14.047
14.047
14.047
14.047
17.116
17.116
17.116
17.116
17.116
20.345
20.345
20.345
20.345
20.345
18.209
18.209
18.209
18.209
18.209
16.672
16.672
16.672
16.672
16.672
16.348
16.348
16.348
16.348
16.348
18.681
18.681
18.681
18.681
18.681
21.417
21.417
21.417
21.417
21.417
16.678
16.678
16.678
16.678
16.678
18.044
18.044
18.044
18.044
18.044
22.802
22.802
22.802
22.802
22.802
24.636
24.636
24.636
24.636
24.636
14.379
14.379
14.379
14.379
14.379
21.287
21.287
21.287
21.287
21.287
21.567
21.567
21.567
21.567
21.567
33.252
33.252
33.252
33.252
33.252
15.478
15.478
15.478
15.478
15.478
14.988
14.988
14.988
14.988
14.988
21.263
21.263
21.263
21.263
21.263
16.783
16.783
16.783
16.783
16.783
13.618
13.618
13.618
13.618
13.618
17.571
17.571
17.571
17.571
17.571
15.907
15.907
15.907
15.907
15.907
18.811
18.811
18.811
18.811
