2973
195
3305
101
84
63
69
77
97
77
86
75
62
75
65
107
75
66
61
85
84
98
96
82
136
79
57
73
76
72
85
74
69
68
91
59
65
75
79
69
63
88
86
63
129
60
66
76
53
53
83
63
83
57
92
77
76
81
65
96
67
69
83
99
64
71
72
75
93
71
79
65
89
107
60
68
89
107
80
72
104
118
57
78
106
128
66
73
75
69
64
83
57
108
99
84
80
69
81
92
91
63
64
77
60
144
64
73
81
85
65
81
60
86
74
114
56
80
80
81
58
77
83
65
53
63
81
62
58
68
50
58
70
57
70
71
64
77
69
148
68
122
82
68
84
58
86
73
103
60
61
102
66
57
71
71
76
74
63
117
59
68
78
61
77
56
189
83
66
60
81
64
90
61
74
116
68
67
121
77
90
79
80
91
82
117
55
61
68
143
75
64
150
61
75
86
65
64
72
63
71
83
80
67
98
102
64
127
58
58
61
76
83
87
96
67
62
55
83
55
51
66
87
83
72
61
95
80
60
103
68
74
74
66
53
63
61
81
61
70
64
72
91
85
61
83
56
83
85
102
73
68
147
55
66
70
131
63
61
97
56
64
58
72
124
55
75
79
108
100
95
95
69
83
236
122
115
78
71
117
140
78
66
71
81
83
56
71
57
74
72
110
80
52
66
60
73
79
87
69
60
84
67
74
72
105
86
66
103
64
70
88
63
69
52
64
61
59
59
59
117
52
86
59
121
68
70
57
77
63
62
70
69
74
56
50
80
63
91
63
69
54
123
70
71
71
62
65
66
75
67
62
123
75
85
65
75
91
54
112
80
128
77
70
63
66
58
62
117
82
102
77
71
72
81
57
120
62
54
81
156
69
105
67
79
79
96
83
94
65
70
92
93
70
63
125
