0.0
0.0
0.0
0.0
0.0
52.858
52.858
52.858
52.858
52.858
33.464
33.464
33.464
33.464
33.464
33.918
33.918
33.918
33.918
33.918
50.804
50.804
50.804
50.804
50.804
49.962
49.962
49.962
49.962
49.962
20.615
20.615
20.615
20.615
20.615
28.034
28.034
28.034
28.034
28.034
31.196
31.196
31.196
31.196
31.196
24.893
24.893
24.893
24.893
24.893
30.297
30.297
30.297
30.297
30.297
44.2
44.2
44.2
44.2
44.2
25.643
25.643
25.643
25.643
25.643
25.762
25.762
25.762
25.762
25.762
29.219
29.219
29.219
29.219
29.219
28.792
28.792
28.792
28.792
28.792
31.154
31.154
31.154
31.154
31.154
33.759
33.759
33.759
33.759
33.759
23.699
23.699
23.699
23.699
23.699
26.394
26.394
26.394
26.394
26.394
31.831
31.831
31.831
31.831
31.831
36.136
36.136
36.136
36.136
36.136
34.774
34.774
34.774
34.774
34.774
29.489
29.489
29.489
29.489
29.489
33.312
33.312
33.312
33.312
33.312
21.388
21.388
21.388
21.388
21.388
27.905
27.905
27.905
27.905
27.905
31.864
31.864
31.864
31.864
31.864
23.761
23.761
23.761
23.761
23.761
27.825
27.825
27.825
27.825
27.825
38.992
38.992
38.992
38.992
38.992
33.303
33.303
33.303
33.303
33.303
30.729
30.729
30.729
30.729
30.729
30.944
30.944
30.944
30.944
30.944
32.198
32.198
32.198
32.198
32.198
27.821
27.821
27.821
27.821
27.821
27.545
27.545
27.545
27.545
27.545
24.839
24.839
24.839
24.839
24.839
29.078
29.078
29.078
29.078
29.078
32.588
32.588
32.588
32.588
32.588
48.117
48.117
48.117
48.117
48.117
45.79
45.79
45.79
45.79
45.79
32.808
32.808
32.808
32.808
32.808
26.734
26.734
26.734
26.734
26.734
23.954
23.954
23.954
23.954
23.954
37.122
37.122
37.122
37.122
37.122
32.453
32.453
32.453
32.453
32.453
29.986
29.986
29.986
29.986
29.986
21.569
21.569
21.569
21.569
21.569
26.467
26.467
26.467
26.467
26.467
28.292
28.292
28.292
28.292
28.292
28.903
28.903
28.903
28.903
28.903
32.934
32.934
32.934
32.934
32.934
30.617
30.617
30.617
30.617
30.617
29.202
29.202
29.202
29.202
29.202
32.628
32.628
32.628
32.628
32.628
74.127
74.127
74.127
100.0
100.0
100.0
100.0
100.0
100.0
100.0
71.716
71.716
71.716
71.716
71.716
23.777
23.777
23.777
23.777
23.777
41.463
41.463
41.463
41.463
41.463
