1171
1174
121
120
80
74
68
123
104
94
65
63
60
92
68
77
86
156
104
55
56
59
66
79
66
47
103
64
94
106
87
106
68
65
66
75
106
125
55
81
72
77
62
91
96
108
60
64
58
104
64
159
71
62
73
90
77
73
62
60
82
63
66
100
67
80
61
60
80
53
88
77
61
67
109
62
51
82
93
78
86
67
75
51
71
70
126
65
53
89
80
60
76
60
56
54
59
52
88
75
126
45
77
66
88
191
60
59
104
88
57
67
169
52
81
50
56
57
84
95
54
80
61
80
72
60
56
75
57
66
61
76
69
66
72
81
85
53
64
61
79
66
82
100
66
130
66
62
94
72
81
67
67
80
58
64
100
67
66
96
86
70
64
112
72
95
96
51
51
66
75
70
51
98
106
72
83
81
70
112
59
68
58
57
72
80
57
55
53
59
80
71
58
94
63
55
74
118
59
53
84
55
89
75
87
57
62
71
78
56
70
74
62
71
54
96
75
67
67
66
58
48
55
58
70
79
71
53
61
59
62
61
77
58
60
69
71
65
106
65
81
75
72
52
71
86
66
51
80
61
55
54
66
47
68
59
60
57
42
69
70
54
62
62
55
105
69
60
74
58
63
57
81
64
85
76
69
60
76
64
88
57
93
59
123
56
70
61
86
79
87
50
50
100
91
65
54
101
69
52
63
55
73
72
59
55
57
84
62
68
76
78
59
65
64
87
113
59
73
63
73
70
76
87
61
60
67
60
100
54
87
54
70
63
82
145
101
51
145
62
156
67
72
81
64
49
52
89
96
64
69
54
58
79
67
56
67
76
91
64
51
118
77
61
133
67
53
54
53
66
81
82
61
70
90
105
90
81
90
110
47
55
65
73
63
68
67
85
61
80
78
45
59
70
71
87
65
65
59
79
