0.0
0.0
0.0
0.0
0.0
65.557
65.557
65.557
65.557
65.557
8.849
8.849
8.849
8.849
8.849
25.697
25.697
25.697
25.697
25.697
23.147
23.147
23.147
23.147
23.147
19.698
19.698
19.698
19.698
19.698
19.932
19.932
19.932
19.932
19.932
25.447
25.447
25.447
25.447
25.447
21.754
21.754
21.754
21.754
21.754
25.325
25.325
25.325
25.325
25.325
22.107
22.107
22.107
22.107
22.107
17.477
17.477
17.477
17.477
17.477
78.889
78.889
78.889
78.889
78.889
41.264
41.264
41.264
41.264
41.264
78.41
78.41
78.41
78.41
78.41
35.292
35.292
35.292
35.292
35.292
13.771
13.771
13.771
13.771
13.771
23.201
23.201
23.201
23.201
23.201
17.993
17.993
17.993
17.993
17.993
22.318
22.318
22.318
22.318
22.318
18.818
18.818
18.818
18.818
18.818
19.306
19.306
19.306
19.306
19.306
20.711
20.711
20.711
20.711
20.711
21.806
21.806
21.806
21.806
21.806
20.402
20.402
20.402
20.402
20.402
23.747
23.747
23.747
23.747
23.747
19.01
19.01
19.01
19.01
19.01
24.771
24.771
24.771
24.771
24.771
18.131
18.131
18.131
18.131
18.131
29.44
29.44
29.44
29.44
29.44
23.568
23.568
23.568
23.568
23.568
20.505
20.505
20.505
20.505
20.505
20.03
20.03
20.03
20.03
20.03
17.834
17.834
17.834
17.834
17.834
22.533
22.533
22.533
22.533
22.533
22.721
22.721
22.721
22.721
22.721
22.131
22.131
22.131
22.131
22.131
15.754
15.754
15.754
15.754
15.754
21.617
21.617
21.617
21.617
21.617
13.755
13.755
13.755
13.755
13.755
32.117
32.117
32.117
32.117
32.117
45.996
45.996
45.996
45.996
45.996
43.988
43.988
43.988
43.988
43.988
30.319
30.319
30.319
30.319
30.319
18.682
18.682
18.682
18.682
18.682
15.454
15.454
15.454
15.454
15.454
19.284
19.284
19.284
19.284
19.284
23.543
23.543
23.543
23.543
23.543
21.546
21.546
21.546
21.546
21.546
18.656
18.656
18.656
18.656
18.656
17.47
17.47
17.47
17.47
17.47
21.841
21.841
21.841
21.841
21.841
19.714
19.714
19.714
19.714
19.714
29.604
29.604
29.604
29.604
29.604
39.083
39.083
39.083
39.083
39.083
18.961
18.961
18.961
18.961
18.961
17.746
17.746
17.746
17.746
17.746
19.34
19.34
19.34
19.34
19.34
15.884
15.884
15.884
15.884
15.884
18.244
18.244
18.244
18.244
18.244
16.932
16.932
16.932
16.932
16.932
29.065
29.065
29.065
29.065
29.065
21.515
21.515
21.515
21.515
21.515
16.908
16.908
16.908
16.908
16.908
20.472
20.472
20.472
20.472
20.472
19.474
19.474
19.474
19.474
19.474
34.332
34.332
34.332
34.332
34.332
81.367
81.367
81.367
81.367
81.367
20.229
20.229
20.229
20.229
20.229
22.2
22.2
22.2
22.2
22.2
16.465
16.465
16.465
16.465
16.465
15.719
15.719
15.719
15.719
15.719
24.883
24.883
24.883
24.883
24.883
15.381
15.381
15.381
15.381
15.381
28.411
28.411
28.411
28.411
28.411
18.097
18.097
18.097
18.097
18.097
17.631
17.631
17.631
17.631
17.631
21.18
21.18
21.18
21.18
21.18
22.353
22.353
22.353
22.353
22.353
19.517
19.517
19.517
19.517
19.517
22.658
22.658
22.658
22.658
22.658
15.746
15.746
15.746
15.746
15.746
12.677
12.677
12.677
12.677
12.677
18.138
18.138
18.138
18.138
18.138
16.642
16.642
16.642
16.642
16.642
12.427
12.427
12.427
12.427
12.427
23.41
23.41
23.41
23.41
23.41
14.855
14.855
14.855
14.855
14.855
16.429
16.429
16.429
16.429
16.429
22.222
22.222
22.222
22.222
22.222
12.755
12.755
12.755
12.755
12.755
19.615
19.615
19.615
19.615
19.615
22.21
22.21
22.21
22.21
22.21
24.598
24.598
24.598
24.598
24.598
24.576
24.576
24.576
24.576
24.576
17.422
17.422
17.422
17.422
17.422
20.907
20.907
20.907
20.907
20.907
17.277
17.277
17.277
17.277
17.277
22.928
22.928
22.928
22.928
22.928
18.888
18.888
18.888
18.888
18.888
16.232
16.232
16.232
16.232
16.232
16.406
16.406
16.406
16.406
16.406
20.752
20.752
20.752
20.752
20.752
14.302
14.302
14.302
14.302
14.302
24.367
24.367
24.367
24.367
24.367
18.491
18.491
18.491
18.491
18.491
19.876
19.876
19.876
19.876
19.876
18.664
18.664
18.664
18.664
18.664
17.873
17.873
17.873
17.873
17.873
22.86
22.86
22.86
22.86
22.86
25.453
25.453
25.453
25.453
25.453
43.252
43.252
43.252
43.252
43.252
13.219
13.219
13.219
13.219
13.219
18.559
18.559
18.559
18.559
18.559
19.48
19.48
19.48
19.48
19.48
21.827
21.827
21.827
21.827
21.827
18.138
18.138
18.138
18.138
18.138
25.003
25.003
25.003
25.003
25.003
15.246
15.246
15.246
15.246
15.246
22.088
22.088
22.088
22.088
22.088
20.648
20.648
20.648
20.648
20.648
19.54
19.54
19.54
19.54
19.54
20.025
20.025
20.025
20.025
20.025
47.883
47.883
47.883
47.883
61.699
61.699
61.699
