1368
101
117
73
117
77
91
89
69
86
71
103
79
70
71
120
106
104
87
61
72
60
60
103
95
64
81
99
60
86
109
68
101
92
61
82
80
186
58
102
97
80
64
82
148
64
72
140
64
62
101
104
67
85
89
96
99
69
80
76
68
86
68
75
74
58
75
96
92
120
98
68
64
71
82
68
95
86
60
63
77
56
64
63
71
84
78
68
68
69
61
77
88
79
101
65
80
86
92
92
66
87
65
61
72
84
59
70
78
149
79
60
69
87
67
76
90
76
100
71
106
66
74
69
99
88
78
78
116
85
81
82
62
70
80
83
91
103
58
67
75
59
67
89
75
53
64
75
76
59
60
77
81
71
62
72
61
59
151
61
85
72
72
70
85
112
92
70
93
65
111
63
103
63
89
58
90
96
155
61
78
88
73
140
62
58
96
92
90
66
61
85
77
82
65
104
61
75
79
86
74
108
88
74
76
58
127
64
66
61
83
70
52
70
73
110
84
107
88
81
93
62
63
57
78
82
166
63
98
92
77
76
86
85
75
70
69
96
66
131
65
65
74
89
64
81
70
94
94
71
63
72
81
59
87
86
70
63
91
99
90
125
77
62
93
80
103
74
71
68
62
104
69
69
63
83
143
78
108
73
71
73
135
75
75
77
62
143
88
71
85
76
81
69
60
77
93
80
82
60
63
74
75
103
100
60
71
119
59
78
77
80
69
66
60
90
61
63
71
68
136
70
72
91
69
107
81
70
78
67
76
57
70
86
79
77
125
68
72
74
103
98
71
86
114
67
83
70
79
85
111
71
87
58
81
74
102
73
63
74
94
68
76
79
88
76
66
69
92
108
61
84
65
81
67
75
60
92
61
71
87
111
62
125
67
106
65
85
71
69
78
93
73
90
63
109
98
77
82
88
