0.0
0.0
0.0
0.0
0.0
66.885
66.885
66.885
66.885
66.885
17.75
17.75
17.75
17.75
17.75
27.276
27.276
27.276
27.276
27.276
12.532
12.532
12.532
12.532
12.532
23.566
23.566
23.566
23.566
23.566
20.268
20.268
20.268
20.268
20.268
21.798
21.798
21.798
21.798
21.798
20.957
20.957
20.957
20.957
20.957
26.894
26.894
26.894
26.894
26.894
34.015
34.015
34.015
34.015
34.015
62.799
62.799
62.799
62.799
85.288
85.288
85.288
85.288
85.288
60.426
60.426
60.426
60.426
60.426
52.832
52.832
52.832
52.832
52.832
34.79
34.79
34.79
34.79
34.79
18.684
18.684
18.684
18.684
18.684
24.128
24.128
24.128
24.128
24.128
39.302
39.302
39.302
39.302
39.302
22.392
22.392
22.392
22.392
22.392
23.428
23.428
23.428
23.428
23.428
29.039
29.039
29.039
29.039
29.039
24.49
24.49
24.49
24.49
24.49
16.348
16.348
16.348
16.348
16.348
20.255
20.255
20.255
20.255
20.255
16.636
16.636
16.636
16.636
16.636
25.556
25.556
25.556
25.556
25.556
17.513
17.513
17.513
17.513
17.513
78.494
78.494
78.494
78.494
78.494
25.979
25.979
25.979
25.979
25.979
18.779
18.779
18.779
18.779
18.779
24.417
24.417
24.417
24.417
24.417
19.006
19.006
19.006
19.006
19.006
18.556
18.556
18.556
18.556
18.556
25.347
25.347
25.347
25.347
25.347
18.467
18.467
18.467
18.467
18.467
21.504
21.504
21.504
21.504
21.504
20.597
20.597
20.597
20.597
20.597
22.971
22.971
22.971
22.971
22.971
18.579
18.579
18.579
18.579
18.579
19.731
19.731
19.731
19.731
19.731
16.049
16.049
16.049
16.049
16.049
19.996
19.996
19.996
19.996
19.996
21.041
21.041
21.041
21.041
21.041
23.042
23.042
23.042
23.042
23.042
62.209
62.209
62.209
62.209
62.209
45.13
45.13
45.13
45.13
45.13
36.615
36.615
36.615
36.615
36.615
13.484
13.484
13.484
13.484
13.484
21.929
21.929
21.929
21.929
21.929
17.622
17.622
17.622
17.622
17.622
24.61
24.61
24.61
24.61
24.61
18.16
18.16
18.16
18.16
18.16
20.78
20.78
20.78
20.78
20.78
20.899
20.899
20.899
20.899
20.899
18.37
18.37
18.37
18.37
18.37
22.666
22.666
22.666
22.666
22.666
20.59
20.59
20.59
20.59
20.59
17.247
17.247
17.247
17.247
17.247
18.26
18.26
18.26
18.26
18.26
16.563
16.563
16.563
16.563
16.563
13.798
13.798
13.798
13.798
13.798
17.885
17.885
17.885
17.885
17.885
22.577
22.577
22.577
22.577
22.577
16.914
16.914
16.914
16.914
16.914
18.716
18.716
18.716
18.716
18.716
23.393
