1507
113
95
77
74
72
76
69
70
79
96
58
76
65
91
108
112
74
79
111
68
75
82
89
70
160
69
81
73
81
77
65
70
63
80
84
109
88
68
94
69
117
68
60
78
83
67
67
99
67
86
91
63
74
83
102
75
62
71
71
62
82
89
87
89
91
81
79
85
67
92
77
76
78
98
101
116
162
113
66
88
83
65
68
64
122
60
95
89
131
97
78
74
67
81
79
66
113
81
102
109
59
98
89
77
74
60
78
61
93
87
95
127
86
81
62
82
83
96
96
92
61
78
77
77
80
84
67
68
72
97
66
99
85
71
65
88
78
70
82
77
156
83
70
65
92
65
62
83
87
62
75
68
83
68
68
97
62
63
53
54
68
70
59
60
113
80
87
79
67
70
79
87
54
84
80
76
101
69
72
96
88
99
77
103
76
106
226
65
76
57
77
84
79
90
101
70
94
125
85
