0.0
0.0
0.0
0.0
0.0
59.88
59.88
59.88
59.88
59.88
33.889
33.889
33.889
33.889
33.889
23.703
23.703
23.703
23.703
23.703
23.318
23.318
23.318
23.318
23.318
22.433
22.433
22.433
22.433
22.433
33.734
33.734
33.734
33.734
33.734
31.344
31.344
31.344
31.344
31.344
24.17
24.17
24.17
24.17
24.17
27.383
27.383
27.383
27.383
27.383
22.308
22.308
22.308
22.308
22.308
38.722
38.722
38.722
38.722
38.722
20.703
20.703
20.703
20.703
20.703
43.242
43.242
43.242
43.242
43.242
44.411
44.411
44.411
44.411
44.411
32.93
32.93
32.93
