0.0
0.0
0.0
0.0
0.0
79.521
79.521
79.521
79.521
79.521
41.335
41.335
41.335
41.335
41.335
45.152
45.152
45.152
45.152
45.152
47.275
47.275
47.275
47.275
47.275
59.08
59.08
59.08
59.08
59.08
66.034
66.034
66.034
66.034
66.034
42.711
42.711
42.711
42.711
42.711
48.565
48.565
48.565
48.565
48.565
69.554
69.554
69.554
69.554
69.554
55.612
55.612
55.612
55.612
55.612
50.807
50.807
50.807
50.807
50.807
41.225
41.225
41.225
41.225
41.225
30.093
30.093
30.093
30.093
30.093
36.997
36.997
36.997
36.997
36.997
31.391
31.391
