0.0
0.0
0.0
0.0
0.0
24.791
24.791
24.791
24.791
24.791
13.436
13.436
13.436
13.436
13.436
17.167
17.167
17.167
17.167
17.167
25.952
25.952
25.952
25.952
18.973
18.973
18.973
18.973
18.973
32.129
32.129
32.129
32.129
32.129
33.378
33.378
33.378
33.378
33.378
10.976
10.976
10.976
10.976
10.976
17.607
17.607
17.607
17.607
17.607
21.877
21.877
21.877
21.877
21.877
16.292
16.292
16.292
16.292
16.292
26.803
26.803
26.803
26.803
26.803
28.773
28.773
28.773
28.773
28.773
25.954
25.954
25.954
25.954
25.954
29.252
29.252
29.252
29.252
29.252
19.309
19.309
19.309
19.309
19.309
41.708
41.708
41.708
41.708
41.708
24.989
24.989
24.989
24.989
24.989
15.866
15.866
15.866
15.866
15.866
17.047
17.047
17.047
17.047
17.047
16.295
16.295
16.295
16.295
16.295
13.611
13.611
13.611
13.611
13.611
22.613
22.613
22.613
22.613
22.613
29.981
29.981
29.981
29.981
29.981
10.844
10.844
10.844
10.844
10.844
20.218
20.218
20.218
20.218
20.218
28.635
28.635
28.635
28.635
28.635
40.655
40.655
40.655
40.655
40.655
21.285
21.285
21.285
21.285
21.285
14.617
14.617
14.617
14.617
14.617
7.346
7.346
7.346
7.346
7.346
5.818
5.818
5.818
