2779
131
95
76
66
3356
95
84
108
81
72
59
67
129
485
66
91
77
55
67
73
52
51
79
54
535
105
68
56
43
90
57
58
79
66
56
638
118
58
100
89
79
71
190
88
66
122
73
80
59
53
62
109
75
68
87
83
71
72
69
82
85
68
112
66
93
71
66
57
62
60
53
97
85
78
54
65
96
79
95
57
104
59
63
90
61
61
56
59
98
59
52
48
73
88
84
53
69
100
52
49
133
78
59
78
57
77
72
65
76
84
59
68
71
68
112
64
92
84
67
73
62
55
60
61
84
68
78
85
69
85
59
57
104
61
54
70
63
62
54
55
58
57
97
91
74
59
120
74
62
93
58
57
92
54
52
69
87
75
67
60
53
127
79
119
78
54
74
55
63
106
96
84
79
86
80
58
63
52
57
61
66
83
158
61
50
50
72
65
56
100
48
