0.0
0.0
0.0
0.0
0.0
24.852
24.852
24.852
24.852
24.852
29.449
29.449
29.449
29.449
29.449
23.363
23.363
23.363
23.363
23.363
18.118
18.118
18.118
18.118
18.118
21.573
21.573
21.573
21.573
21.573
20.976
20.976
20.976
20.976
20.976
14.191
14.191
14.191
14.191
14.191
21.724
21.724
21.724
21.724
21.724
14.035
14.035
14.035
14.035
14.035
12.276
12.276
12.276
12.276
12.276
17.208
17.208
17.208
17.208
17.208
16.939
16.939
16.939
16.939
16.939
20.064
20.064
20.064
20.064
20.064
15.113
15.113
15.113
15.113
15.113
13.286
13.286
13.286
13.286
13.286
27.358
27.358
27.358
27.358
27.358
15.699
15.699
15.699
15.699
15.699
18.273
18.273
18.273
18.273
18.273
22.024
22.024
22.024
22.024
22.024
15.706
15.706
15.706
15.706
15.706
11.772
11.772
11.772
11.772
11.772
27.688
27.688
27.688
27.688
27.688
16.807
16.807
16.807
16.807
16.807
15.306
15.306
15.306
15.306
15.306
19.026
19.026
19.026
19.026
19.026
26.558
26.558
26.558
26.558
26.558
39.872
39.872
39.872
39.872
39.872
17.764
17.764
17.764
17.764
17.764
12.535
12.535
12.535
12.535
12.535
24.868
24.868
24.868
24.868
24.868
22.024
22.024
22.024
22.024
22.024
12.279
12.279
12.279
12.279
12.279
16.775
16.775
16.775
16.775
16.775
14.598
14.598
14.598
14.598
14.598
11.917
11.917
11.917
11.917
11.917
21.596
21.596
21.596
21.596
21.596
16.838
16.838
16.838
16.838
16.838
25.085
25.085
25.085
25.085
25.085
12.946
12.946
12.946
12.946
12.946
12.683
12.683
12.683
12.683
12.683
19.042
19.042
19.042
19.042
19.042
23.853
23.853
23.853
23.853
23.853
14.717
14.717
14.717
14.717
14.717
13.44
13.44
13.44
13.44
13.44
16.296
16.296
16.296
16.296
16.296
19.731
19.731
19.731
19.731
19.731
17.931
17.931
