3347
155
158
113
155
141
120
84
106
117
111
95
127
91
104
142
160
108
84
116
87
119
109
103
101
113
94
157
78
108
78
133
116
100
89
86
96
97
133
61
83
106
70
68
109
94
149
77
97
73
72
103
119
108
126
94
119
155
129
109
93
112
94
88
135
76
97
76
101
85
119
65
92
109
92
65
84
139
103
109
82
88
134
84
79
97
119
87
88
61
117
78
128
162
82
123
125
88
81
71
100
70
62
80
93
114
60
60
67
70
74
81
121
84
120
87
128
88
75
140
65
69
59
101
100
93
86
98
66
124
64
142
155
99
81
78
74
74
80
111
68
95
78
90
100
117
128
73
75
76
63
89
128
74
74
67
72
81
110
86
85
79
137
75
97
68
87
76
85
76
93
73
62
178
60
69
70
106
89
92
70
89
137
66
67
66
122
131
73
67
97
74
73
68
117
68
56
59
87
93
