0.0
0.0
0.0
0.0
0.0
47.563
47.563
47.563
47.563
47.563
15.321
15.321
15.321
15.321
15.321
34.393
34.393
34.393
34.393
34.393
34.892
34.892
34.892
34.892
34.892
25.227
25.227
25.227
25.227
25.227
19.284
19.284
19.284
19.284
19.284
21.415
21.415
21.415
21.415
21.415
17.442
17.442
17.442
17.442
17.442
27.519
27.519
27.519
27.519
27.519
20.655
20.655
20.655
20.655
20.655
27.093
27.093
27.093
27.093
27.093
34.515
34.515
34.515
34.515
34.515
36.551
36.551
36.551
36.551
36.551
19.733
19.733
19.733
19.733
19.733
25.564
25.564
25.564
25.564
25.564
26.61
26.61
26.61
26.61
26.61
40.496
40.496
40.496
40.496
40.496
11.979
11.979
11.979
11.979
11.979
19.422
19.422
19.422
19.422
19.422
26.332
26.332
26.332
26.332
26.332
43.111
43.111
43.111
43.111
43.111
23.474
23.474
23.474
23.474
23.474
29.672
29.672
29.672
29.672
29.672
17.999
17.999
17.999
17.999
17.999
20.341
20.341
20.341
20.341
20.341
32.597
32.597
32.597
32.597
32.597
18.687
18.687
18.687
18.687
18.687
26.801
26.801
26.801
26.801
26.801
12.513
12.513
12.513
12.513
12.513
15.829
15.829
15.829
15.829
15.829
28.908
28.908
28.908
28.908
28.908
17.162
17.162
17.162
17.162
17.162
16.953
16.953
16.953
16.953
16.953
18.491
18.491
18.491
18.491
18.491
16.349
16.349
16.349
16.349
16.349
15.749
15.749
15.749
15.749
15.749
24.938
24.938
24.938
24.938
24.938
21.872
21.872
21.872
