2846
77
75
82
74
99
109
111
97
83
77
101
98
53
59
104
66
64
76
58
91
72
81
78
81
60
72
72
65
115
61
113
85
61
97
82
56
60
58
56
71
77
72
67
66
76
63
83
75
136
85
87
116
60
98
81
68
67
63
60
87
72
70
68
83
68
66
70
87
81
71
56
79
51
65
67
137
85
63
63
123
78
90
100
59
84
68
67
75
72
83
101
50
71
57
61
60
105
65
86
59
62
67
71
53
68
61
102
97
83
78
55
61
62
94
56
76
80
68
116
76
108
65
58
54
91
62
66
69
71
51
64
72
59
78
53
61
72
77
77
81
81
64
61
96
76
76
77
78
81
136
76
68
72
78
58
66
64
69
67
64
98
74
119
70
77
81
75
61
68
80
64
59
63
95
85
78
59
110
131
74
94
84
61
56
66
73
66
71
62
60
64
113
69
68
63
82
76
72
103
