0.0
0.0
0.0
0.0
0.0
56.032
56.032
56.032
56.032
56.032
19.931
19.931
19.931
19.931
19.931
37.279
37.279
37.279
37.279
37.279
28.636
28.636
28.636
28.636
28.636
16.052
16.052
16.052
16.052
16.052
16.368
16.368
16.368
16.368
16.368
19.726
19.726
19.726
19.726
19.726
18.422
18.422
18.422
18.422
18.422
25.074
25.074
25.074
25.074
25.074
22.678
22.678
22.678
22.678
22.678
17.622
17.622
17.622
17.622
17.622
21.816
21.816
21.816
21.816
21.816
20.834
20.834
20.834
20.834
20.834
20.506
20.506
20.506
20.506
20.506
19.008
19.008
19.008
19.008
19.008
19.838
19.838
19.838
19.838
19.838
19.337
19.337
19.337
19.337
19.337
19.709
19.709
19.709
19.709
19.709
24.836
24.836
24.836
24.836
24.836
17.567
17.567
17.567
17.567
17.567
14.857
14.857
14.857
14.857
14.857
16.346
16.346
16.346
16.346
16.346
25.61
25.61
25.61
25.61
25.61
19.408
19.408
19.408
19.408
19.408
19.756
19.756
19.756
19.756
19.756
19.239
19.239
19.239
19.239
19.239
21.666
21.666
21.666
21.666
21.666
21.916
21.916
21.916
21.916
21.916
16.898
16.898
16.898
16.898
16.898
20.042
20.042
20.042
20.042
20.042
16.864
16.864
16.864
16.864
16.864
19.487
19.487
19.487
19.487
19.487
22.244
22.244
22.244
22.244
22.244
14.462
14.462
14.462
14.462
14.462
19.06
19.06
19.06
19.06
19.06
28.904
28.904
28.904
28.904
28.904
18.01
18.01
18.01
18.01
18.01
24.222
24.222
24.222
24.222
24.222
30.118
30.118
30.118
30.118
30.118
24.64
24.64
24.64
24.64
24.64
19.562
19.562
19.562
19.562
19.562
29.505
29.505
29.505
29.505
29.505
21.18
21.18
21.18
21.18
21.18
17.146
17.146
17.146
17.146
17.146
24.18
24.18
24.18
24.18
24.18
15.158
15.158
15.158
15.158
15.158
21.543
21.543
21.543
21.543
21.543
20.637
20.637
20.637
20.637
20.637
20.798
20.798
20.798
20.798
20.798
23.079
23.079
23.079
23.079
23.079
18.082
18.082
18.082
18.082
18.082
20.572
20.572
20.572
20.572
20.572
20.496
20.496
20.496
20.496
20.496
19.181
19.181
19.181
19.181
19.181
21.715
21.715
21.715
21.715
21.715
19.783
19.783
19.783
19.783
19.783
18.99
18.99
18.99
18.99
18.99
16.791
16.791
16.791
16.791
16.791
18.877
18.877
18.877
18.877
18.877
33.549
33.549
33.549
33.549
33.549
26.464
26.464
26.464
26.464
26.464
19.415
19.415
19.415
19.415
19.415
22.246
22.246
22.246
22.246
22.246
23.104
23.104
