1332
123
108
73
67
80
82
109
86
112
82
102
136
86
93
77
87
102
93
65
72
93
62
68
89
71
74
73
83
84
115
76
82
108
108
97
71
73
94
156
70
74
82
85
61
87
98
102
96
63
71
90
76
153
110
73
92
73
129
110
79
88
102
90
78
73
77
77
71
60
78
105
81
61
69
87
120
89
66
69
112
70
66
64
88
131
73
80
128
70
81
55
52
103
95
90
77
84
71
110
76
64
62
76
111
72
62
65
74
73
90
148
67
124
89
73
61
65
65
71
83
67
55
61
64
60
69
83
62
62
80
95
70
57
89
68
57
56
70
63
58
79
94
86
125
55
62
76
116
68
114
70
66
76
71
62
118
90
94
68
63
89
68
84
68
73
93
73
81
93
82
60
77
69
61
75
108
98
66
95
60
67
73
77
91
101
78
68
68
61
73
76
71
76
63
64
68
59
74
65
