0.0
0.0
0.0
0.0
10.151
10.151
10.151
10.151
37.322
37.322
37.322
37.322
26.202
26.202
26.202
26.202
23.135
23.135
23.135
23.135
11.855
11.855
11.855
11.855
39.121
39.121
39.121
39.121
31.291
31.291
31.291
31.291
16.658
16.658
16.658
16.658
17.293
17.293
17.293
17.293
16.023
16.023
16.023
16.023
16.162
16.162
16.162
16.162
14.112
14.112
14.112
14.112
18.695
18.695
18.695
18.695
18.698
18.698
18.698
18.698
19.203
19.203
19.203
19.203
19.631
19.631
19.631
19.631
13.617
13.617
13.617
13.617
21.747
21.747
21.747
21.747
16.928
16.928
16.928
16.928
14.888
14.888
14.888
14.888
27.894
27.894
27.894
27.894
22.0
22.0
22.0
22.0
18.831
18.831
18.831
18.831
26.166
26.166
26.166
26.166
22.637
22.637
22.637
22.637
10.44
10.44
10.44
10.44
15.796
15.796
15.796
15.796
36.689
36.689
36.689
17.28
17.28
17.28
17.28
13.332
13.332
13.332
13.332
15.533
15.533
15.533
15.533
17.19
17.19
17.19
17.19
12.204
12.204
12.204
12.204
7.967
7.967
7.967
7.967
9.756
9.756
9.756
9.756
11.049
11.049
11.049
11.049
27.924
27.924
27.924
27.924
40.391
40.391
40.391
40.391
44.558
44.558
44.558
44.558
19.644
19.644
19.644
19.644
6.199
6.199
6.199
6.199
7.517
7.517
7.517
7.517
7.58
7.58
7.58
7.58
8.811
8.811
8.811
8.811
12.483
12.483
12.483
12.483
11.837
11.837
11.837
11.837
28.041
28.041
28.041
28.041
19.207
19.207
19.207
19.207
12.526
12.526
12.526
12.526
5.26
5.26
5.26
5.26
10.104
10.104
10.104
10.104
13.125
13.125
13.125
13.125
15.472
15.472
15.472
15.472
12.906
12.906
12.906
12.906
3.642
3.642
3.642
3.642
10.899
10.899
10.899
10.899
18.67
18.67
18.67
18.67
20.594
20.594
20.594
20.594
21.872
21.872
21.872
21.872
13.984
13.984
13.984
13.984
7.372
7.372
7.372
7.372
10.837
10.837
10.837
10.837
14.053
14.053
14.053
14.053
13.261
13.261
13.261
13.261
12.767
12.767
12.767
12.767
18.125
18.125
18.125
18.125
12.766
12.766
12.766
12.766
10.843
10.843
10.843
10.843
18.539
18.539
18.539
18.539
14.69
14.69
14.69
14.69
9.561
9.561
9.561
9.561
15.698
15.698
15.698
15.698
22.258
22.258
22.258
22.258
14.551
14.551
14.551
14.551
15.053
15.053
15.053
15.053
9.911
9.911
9.911
9.911
16.608
16.608
16.608
16.608
30.609
30.609
30.609
30.609
11.102
11.102
11.102
11.102
11.4
11.4
11.4
11.4
6.068
6.068
6.068
6.068
11.397
11.397
11.397
11.397
7.363
7.363
7.363
7.363
7.672
7.672
7.672
7.672
15.7
15.7
15.7
15.7
15.47
15.47
15.47
15.47
7.026
7.026
7.026
