3792
381
261
151
153
169
148
185
182
124
129
259
119
204
95
170
211
106
81
158
133
80
118
74
80
120
138
116
112
117
182
108
153
93
95
113
115
132
140
141
170
84
88
98
101
80
85
80
107
92
94
149
217
68
105
145
108
134
165
97
73
111
98
99
153
75
71
113
135
127
106
198
134
76
89
85
144
73
167
83
85
146
94
97
72
85
152
83
105
103
148
138
111
84
92
83
107
73
121
88
75
127
118
78
80
142
107
112
96
71
90
89
113
67
71
160
133
93
84
118
101
134
85
91
163
76
82
84
109
117
114
183
93
74
119
84
74
151
121
168
182
81
79
76
97
88
88
151
73
76
70
110
79
91
109
88
80
105
98
97
94
79
67
90
100
106
135
81
94
92
106
72
115
166
78
62
63
113
80
139
79
85
174
74
81
125
73
90
123
114
92
118
129
101
200
92
114
84
106
109
81
76
80
93
88
82
206
152
84
76
84
82
69
133
107
111
125
99
97
88
84
79
194
105
84
81
68
101
81
85
77
93
73
136
86
106
199
79
108
189
86
71
69
94
147
94
79
120
94
125
73
101
129
173
107
114
110
75
79
90
80
80
120
106
85
94
69
92
86
138
148
88
154
99
133
198
127
128
133
117
91
130
84
102
88
87
107
142
106
72
128
83
78
86
71
127
90
141
98
98
95
161
78
132
229
100
68
81
74
103
75
85
86
95
177
103
115
169
110
96
70
92
71
117
92
73
77
103
195
109
90
75
88
189
147
74
120
97
114
88
92
119
110
77
228
87
118
72
74
78
76
81
129
100
88
116
109
120
108
86
123
177
89
79
89
83
110
91
78
98
69
71
114
97
75
99
69
122
65
123
77
70
69
84
151
71
98
111
77
77
293
86
98
65
112
72
123
85
141
92
