0.0
0.0
0.0
0.0
0.0
61.996
61.996
61.996
61.996
61.996
27.992
27.992
27.992
27.992
27.992
40.476
40.476
40.476
40.476
40.476
20.237
20.237
20.237
20.237
20.237
24.423
24.423
24.423
24.423
24.423
27.126
27.126
27.126
27.126
27.126
28.042
28.042
28.042
28.042
28.042
20.276
20.276
20.276
20.276
20.276
26.793
26.793
26.793
26.793
26.793
22.994
22.994
22.994
22.994
22.994
14.725
14.725
14.725
14.725
14.725
20.457
20.457
20.457
20.457
20.457
17.715
17.715
17.715
17.715
17.715
18.706
18.706
18.706
18.706
18.706
20.006
20.006
20.006
20.006
20.006
19.561
19.561
19.561
19.561
19.561
15.59
15.59
15.59
15.59
15.59
37.772
37.772
37.772
37.772
37.772
16.299
16.299
16.299
16.299
16.299
16.96
16.96
16.96
16.96
16.96
19.847
19.847
19.847
19.847
19.847
23.116
23.116
23.116
23.116
23.116
22.321
22.321
22.321
22.321
22.321
16.907
16.907
16.907
16.907
16.907
20.835
20.835
20.835
20.835
20.835
16.029
16.029
16.029
16.029
16.029
15.373
15.373
15.373
15.373
15.373
21.817
