0.0
0.0
0.0
0.0
0.0
63.665
63.665
63.665
63.665
63.665
13.29
13.29
13.29
13.29
13.29
26.259
26.259
26.259
26.259
26.259
25.47
25.47
25.47
25.47
25.47
19.387
19.387
19.387
19.387
19.387
19.432
19.432
19.432
19.432
19.432
22.416
22.416
22.416
22.416
22.416
15.309
15.309
15.309
15.309
15.309
21.073
21.073
21.073
21.073
21.073
17.798
17.798
17.798
17.798
17.798
18.982
18.982
18.982
18.982
18.982
23.714
23.714
23.714
23.714
23.714
19.147
19.147
19.147
19.147
19.147
17.361
17.361
17.361
17.361
17.361
22.933
22.933
22.933
22.933
22.933
15.874
15.874
15.874
15.874
15.874
17.686
17.686
17.686
17.686
17.686
23.867
23.867
23.867
23.867
23.867
16.62
16.62
16.62
16.62
16.62
20.514
20.514
20.514
20.514
20.514
18.568
18.568
18.568
18.568
18.568
15.881
15.881
15.881
15.881
15.881
24.295
24.295
24.295
24.295
24.295
27.69
27.69
27.69
27.69
27.69
24.073
24.073
24.073
24.073
24.073
27.12
27.12
27.12
27.12
27.12
20.455
20.455
20.455
20.455
20.455
13.191
13.191
13.191
13.191
13.191
14.949
14.949
14.949
14.949
14.949
15.748
15.748
15.748
15.748
15.748
21.602
21.602
21.602
21.602
21.602
21.393
21.393
21.393
21.393
21.393
19.129
19.129
19.129
19.129
19.129
20.903
20.903
20.903
20.903
20.903
18.28
18.28
18.28
18.28
18.28
25.491
25.491
25.491
25.491
25.491
24.327
24.327
24.327
24.327
24.327
17.77
17.77
17.77
17.77
17.77
24.295
24.295
24.295
24.295
24.295
17.942
17.942
17.942
17.942
17.942
27.237
27.237
27.237
27.237
27.237
54.866
54.866
54.866
54.866
54.866
14.686
14.686
14.686
14.686
14.686
15.89
15.89
15.89
15.89
15.89
20.65
20.65
20.65
20.65
20.65
21.107
21.107
21.107
21.107
21.107
17.593
17.593
17.593
17.593
17.593
24.481
24.481
24.481
24.481
24.481
18.996
18.996
18.996
18.996
18.996
16.276
16.276
16.276
16.276
16.276
12.876
12.876
12.876
12.876
12.876
20.672
20.672
20.672
20.672
20.672
12.107
12.107
12.107
12.107
12.107
28.134
28.134
28.134
28.134
28.134
17.902
17.902
17.902
17.902
17.902
17.544
17.544
17.544
17.544
17.544
19.386
19.386
19.386
19.386
19.386
16.941
16.941
16.941
16.941
16.941
17.552
17.552
17.552
17.552
17.552
20.26
20.26
20.26
20.26
20.26
15.43
15.43
15.43
15.43
15.43
19.016
19.016
19.016
19.016
19.016
28.27
28.27
28.27
28.27
28.27
