1385
103
124
73
67
80
89
86
66
77
72
87
68
83
73
119
113
87
92
144
76
88
74
85
116
76
73
63
69
78
88
143
74
86
89
74
81
69
68
66
100
55
106
62
59
158
76
86
75
73
61
82
79
72
99
81
99
58
95
105
93
64
121
69
122
97
76
76
96
67
264
68
84
76
63
72
102
75
51
56
64
89
115
84
82
99
152
89
71
88
59
104
65
67
84
60
92
91
81
62
65
85
68
60
92
84
177
99
76
81
68
78
82
155
80
63
68
56
83
119
82
61
78
89
90
107
65
102
58
104
60
72
77
70
121
84
77
106
79
83
79
65
91
78
57
63
92
78
84
74
73
73
80
55
68
118
92
84
58
54
105
68
94
65
65
95
84
74
63
105
73
84
78
68
81
95
83
61
93
104
79
64
69
74
80
87
86
74
56
123
63
159
80
90
60
99
70
67
74
66
