0.0
0.0
0.0
0.0
0.0
19.026
19.026
19.026
19.026
19.026
13.029
13.029
13.029
13.029
13.029
23.523
23.523
23.523
23.523
23.523
17.807
17.807
17.807
17.807
17.807
16.93
16.93
16.93
16.93
16.93
35.524
35.524
35.524
35.524
35.524
27.131
27.131
27.131
27.131
27.131
20.522
20.522
20.522
20.522
20.522
18.154
18.154
18.154
18.154
18.154
27.969
27.969
27.969
27.969
27.969
24.124
24.124
24.124
24.124
24.124
16.774
16.774
16.774
16.774
16.774
25.776
25.776
25.776
25.776
25.776
19.475
19.475
19.475
19.475
19.475
25.444
25.444
25.444
25.444
25.444
16.983
16.983
16.983
16.983
16.983
21.122
21.122
21.122
21.122
21.122
30.758
30.758
30.758
30.758
30.758
14.623
14.623
14.623
14.623
14.623
25.628
25.628
25.628
25.628
25.628
13.28
13.28
13.28
13.28
13.28
11.791
11.791
11.791
11.791
11.791
11.193
11.193
11.193
11.193
11.193
19.401
19.401
19.401
19.401
19.401
14.197
14.197
14.197
14.197
14.197
16.294
16.294
16.294
16.294
16.294
17.048
17.048
17.048
17.048
17.048
34.28
34.28
34.28
34.28
34.28
35.272
35.272
35.272
35.272
35.272
20.97
20.97
20.97
20.97
20.97
15.332
15.332
15.332
15.332
15.332
13.44
13.44
13.44
13.44
13.44
19.033
19.033
19.033
19.033
19.033
21.563
21.563
21.563
21.563
21.563
19.755
19.755
19.755
19.755
19.755
10.735
10.735
10.735
10.735
10.735
26.16
26.16
26.16
26.16
26.16
18.043
18.043
18.043
18.043
18.043
11.323
11.323
11.323
11.323
11.323
24.469
24.469
24.469
24.469
24.469
20.186
20.186
20.186
20.186
20.186
15.15
15.15
15.15
15.15
15.15
13.025
13.025
13.025
13.025
13.025
19.733
19.733
19.733
19.733
19.733
15.601
15.601
15.601
15.601
15.601
15.582
15.582
15.582
15.582
15.582
18.204
18.204
18.204
18.204
18.204
29.674
29.674
29.674
29.674
29.674
16.399
