3553
196
163
219
204
100
89
187
136
116
149
102
96
97
108
133
112
80
127
96
75
103
70
105
98
70
119
104
132
145
102
109
118
99
95
73
87
90
66
70
73
133
88
65
180
72
117
79
90
122
115
102
97
93
117
73
92
126
92
99
115
120
108
88
87
81
78
106
96
92
196
97
114
83
109
115
149
71
69
71
124
71
81
90
118
100
158
76
88
112
90
87
112
113
82
131
124
123
101
80
82
141
60
105
93
79
64
85
103
68
57
115
71
64
75
75
64
95
123
75
140
76
91
88
114
118
85
95
154
89
102
115
65
62
81
99
83
94
86
78
71
99
105
124
79
93
65
108
81
71
93
102
109
86
77
112
105
71
106
113
69
64
70
95
79
87
83
106
76
80
117
78
77
127
85
139
67
81
117
79
127
77
76
64
80
110
98
108
100
99
60
65
115
68
85
121
72
118
105
120
