100.0
100.0
100.0
100.0
100.0
11.292
11.292
11.292
11.292
11.292
11.397
11.397
11.397
11.397
11.397
20.186
20.186
20.186
20.186
20.186
13.537
13.537
13.537
13.537
13.537
12.432
12.432
12.432
12.432
12.432
13.367
13.367
13.367
13.367
13.367
6.404
6.404
6.404
6.404
6.404
9.917
9.917
9.917
9.917
9.917
18.17
18.17
18.17
18.17
18.17
27.379
27.379
27.379
27.379
27.379
26.58
26.58
26.58
26.58
26.58
13.344
13.344
13.344
13.344
13.344
14.575
14.575
14.575
14.575
14.575
9.676
9.676
9.676
9.676
9.676
16.63
16.63
16.63
16.63
16.63
11.251
11.251
11.251
11.251
11.251
13.108
13.108
13.108
13.108
13.108
7.178
7.178
7.178
7.178
7.178
21.256
21.256
21.256
21.256
21.256
8.544
8.544
8.544
8.544
8.544
10.033
10.033
10.033
10.033
10.033
20.96
20.96
20.96
20.96
20.96
15.308
15.308
15.308
15.308
15.308
5.079
5.079
5.079
5.079
5.079
9.086
9.086
9.086
9.086
9.086
13.969
13.969
13.969
13.969
13.969
4.086
4.086
4.086
4.086
4.086
7.36
7.36
7.36
7.36
7.36
12.592
12.592
12.592
12.592
12.592
16.957
16.957
16.957
16.957
16.957
11.566
11.566
11.566
11.566
11.566
16.354
16.354
16.354
16.354
16.354
17.602
17.602
17.602
17.602
17.602
18.656
18.656
18.656
18.656
18.656
15.174
15.174
15.174
15.174
15.174
16.841
16.841
16.841
16.841
16.841
20.501
20.501
20.501
20.501
20.501
25.99
25.99
25.99
25.99
25.99
10.21
10.21
10.21
10.21
10.21
16.294
16.294
16.294
16.294
16.294
21.724
21.724
21.724
21.724
21.724
17.758
17.758
17.758
17.758
17.758
13.455
13.455
13.455
13.455
13.455
20.182
20.182
20.182
20.182
20.182
15.911
15.911
15.911
15.911
15.911
28.144
28.144
28.144
28.144
28.144
16.952
16.952
16.952
16.952
16.952
24.739
24.739
24.739
24.739
24.739
22.77
22.77
22.77
22.77
22.77
22.741
22.741
22.741
22.741
22.741
19.746
19.746
19.746
19.746
19.746
18.513
18.513
18.513
18.513
18.513
23.571
23.571
23.571
23.571
23.571
37.077
37.077
37.077
37.077
37.077
16.504
16.504
16.504
16.504
16.504
20.85
20.85
20.85
20.85
20.85
16.673
16.673
16.673
16.673
16.673
21.722
21.722
21.722
21.722
21.722
25.413
25.413
25.413
25.413
25.413
23.254
23.254
23.254
23.254
23.254
16.24
16.24
16.24
16.24
16.24
24.444
24.444
24.444
24.444
24.444
15.481
15.481
15.481
15.481
15.481
17.326
17.326
17.326
17.326
17.326
11.561
11.561
11.561
11.561
11.561
10.867
10.867
10.867
10.867
10.867
6.996
6.996
6.996
6.996
6.996
7.176
7.176
7.176
7.176
7.176
9.318
9.318
9.318
9.318
9.318
4.462
4.462
4.462
4.462
4.462
16.355
16.355
16.355
16.355
16.355
9.079
