1606
96
79
84
1962
64
67
66
103
89
85
75
752
85
45
62
89
74
62
73
59
52
66
81
79
65
60
79
50
54
70
72
57
59
70
68
85
60
97
92
66
50
50
50
68
60
110
81
47
95
66
56
83
95
63
63
68
52
76
65
97
90
67
98
86
83
54
109
91
61
77
53
59
75
66
56
59
80
58
58
80
52
48
74
76
102
50
50
134
63
66
75
84
55
244
66
76
71
83
81
104
71
70
100
65
75
55
60
61
51
55
58
63
57
92
63
55
79
64
62
71
71
66
82
63
79
87
70
60
79
79
67
79
69
64
82
73
81
64
58
50
45
61
70
79
67
81
55
58
50
126
70
65
58
99
49
82
70
86
78
60
57
58
70
94
60
61
106
52
65
69
118
58
87
61
66
69
63
48
61
42
129
56
75
53
63
64
60
87
76
69
71
62
61
60
76
81
86
64
99
57
61
125
86
66
73
90
61
63
69
60
87
79
53
76
77
56
67
115
65
115
97
85
86
68
62
57
77
83
107
73
143
80
119
102
56
69
69
62
50
81
65
98
88
61
75
76
72
136
63
55
51
73
54
57
81
110
54
66
66
64
62
64
83
52
58
116
67
56
52
61
82
51
55
102
86
70
72
63
53
84
52
70
63
84
70
71
93
53
60
97
62
65
131
56
63
65
98
59
61
74
62
89
64
85
52
66
74
90
94
65
44
57
64
95
82
88
67
71
62
53
71
55
54
77
72
54
75
69
65
58
76
64
66
85
64
70
71
54
64
65
69
61
71
104
70
75
70
82
73
106
60
59
86
71
43
123
48
58
54
84
51
84
93
60
54
64
55
85
64
66
89
46
70
64
65
57
88
53
60
92
70
67
145
51
58
56
68
53
54
106
73
81
67
68
74
