0.0
0.0
0.0
0.0
0.0
57.004
57.004
57.004
57.004
57.004
35.187
35.187
35.187
35.187
35.187
25.784
25.784
25.784
25.784
25.784
26.493
26.493
26.493
26.493
26.493
34.169
34.169
34.169
34.169
34.169
30.079
30.079
30.079
30.079
30.079
34.39
34.39
34.39
34.39
34.39
23.454
23.454
23.454
23.454
23.454
31.139
31.139
31.139
31.139
31.139
28.582
28.582
28.582
28.582
28.582
27.205
27.205
27.205
27.205
27.205
26.032
26.032
26.032
26.032
26.032
24.381
24.381
24.381
24.381
24.381
31.165
31.165
31.165
31.165
31.165
28.264
28.264
28.264
28.264
28.264
27.253
27.253
27.253
27.253
27.253
32.106
32.106
32.106
32.106
32.106
39.568
39.568
39.568
39.568
39.568
38.595
38.595
38.595
38.595
38.595
31.94
31.94
31.94
31.94
31.94
35.524
35.524
35.524
35.524
35.524
30.727
30.727
30.727
30.727
30.727
20.329
20.329
20.329
20.329
20.329
46.083
46.083
46.083
46.083
46.083
33.825
33.825
33.825
33.825
33.825
25.322
25.322
25.322
25.322
25.322
31.026
31.026
31.026
31.026
31.026
27.702
27.702
27.702
27.702
27.702
29.68
29.68
29.68
29.68
29.68
28.527
28.527
28.527
28.527
28.527
25.276
25.276
25.276
25.276
25.276
36.548
36.548
36.548
36.548
36.548
27.386
27.386
27.386
27.386
27.386
33.67
33.67
33.67
33.67
33.67
37.863
37.863
37.863
37.863
37.863
28.906
28.906
28.906
28.906
28.906
30.591
30.591
30.591
30.591
30.591
27.045
27.045
27.045
27.045
27.045
30.46
30.46
30.46
30.46
30.46
24.828
24.828
24.828
24.828
24.828
23.827
23.827
23.827
23.827
23.827
28.557
28.557
28.557
28.557
28.557
24.454
24.454
24.454
24.454
24.454
36.759
36.759
36.759
36.759
36.759
28.574
28.574
28.574
28.574
28.574
31.706
31.706
31.706
31.706
31.706
26.241
26.241
26.241
26.241
26.241
28.947
28.947
28.947
28.947
28.947
39.123
39.123
39.123
39.123
39.123
25.443
25.443
25.443
25.443
25.443
22.041
22.041
22.041
22.041
22.041
30.77
30.77
30.77
30.77
30.77
32.886
32.886
32.886
32.886
32.886
25.939
25.939
25.939
25.939
25.939
18.633
18.633
18.633
18.633
18.633
34.548
34.548
34.548
34.548
34.548
30.335
30.335
30.335
30.335
30.335
30.198
30.198
30.198
30.198
30.198
27.283
27.283
27.283
27.283
27.283
25.748
25.748
25.748
25.748
25.748
34.906
34.906
34.906
34.906
34.906
32.424
32.424
32.424
32.424
32.424
40.098
40.098
40.098
40.098
40.098
23.444
23.444
23.444
23.444
23.444
20.89
20.89
20.89
20.89
20.89
34.265
34.265
34.265
34.265
34.265
29.89
29.89
29.89
29.89
29.89
23.352
23.352
23.352
23.352
23.352
30.939
30.939
30.939
30.939
30.939
33.788
