1238
1237
108
113
70
72
62
87
91
83
81
88
62
75
65
55
85
97
63
62
71
121
64
74
54
51
77
58
60
70
69
52
60
60
75
92
59
66
82
76
57
52
50
74
59
91
58
74
67
58
85
91
56
93
64
68
70
89
94
76
61
97
59
59
62
78
61
61
109
128
79
95
73
57
65
65
74
96
85
120
75
76
69
61
62
65
68
75
68
66
58
66
58
57
60
64
83
208
67
61
57
51
114
88
64
85
84
61
59
76
60
59
62
63
49
64
57
78
59
72
98
62
54
73
64
102
66
67
94
75
53
73
71
69
82
65
77
71
109
99
87
55
80
91
62
76
78
66
75
65
82
68
77
87
88
90
70
91
85
60
95
88
77
73
82
63
87
52
55
57
58
61
71
64
80
85
64
58
62
67
78
76
65
63
110
65
110
62
61
69
98
52
70
73
120
85
58
64
77
73
63
75
43
70
60
68
69
90
68
51
90
70
55
81
55
60
54
74
79
60
51
74
46
97
66
51
71
61
50
55
55
67
65
88
60
58
60
47
93
89
59
81
57
102
78
86
60
85
80
70
65
76
56
59
58
143
63
64
88
69
62
50
52
61
70
58
105
81
81
52
121
80
68
70
68
76
77
61
61
61
82
54
74
48
51
50
59
56
61
59
70
75
80
70
67
78
60
56
78
80
80
76
93
60
59
62
84
58
65
55
72
48
47
75
72
66
127
58
55
69
63
81
77
60
76
55
59
47
52
68
67
57
70
56
73
81
72
55
73
61
53
59
113
57
79
64
75
56
106
56
75
83
98
99
68
75
57
61
116
86
85
71
64
75
84
101
60
86
67
67
86
116
81
79
81
80
73
63
92
110
64
79
61
100
68
134
69
54
66
117
62
69
72
61
53
120
66
116
65
55
