0.0
0.0
0.0
0.0
0.0
56.929
56.929
56.929
56.929
56.929
16.933
16.933
16.933
16.933
16.933
27.064
27.064
27.064
27.064
27.064
29.468
29.468
29.468
29.468
29.468
19.575
19.575
19.575
19.575
19.575
21.218
21.218
21.218
21.218
21.218
21.375
21.375
21.375
21.375
21.375
31.379
31.379
31.379
31.379
31.379
24.346
24.346
24.346
24.346
24.346
27.238
27.238
27.238
27.238
27.238
26.251
26.251
26.251
26.251
26.251
24.333
24.333
24.333
24.333
24.333
23.617
23.617
23.617
23.617
23.617
19.962
19.962
19.962
19.962
19.962
18.698
18.698
18.698
18.698
18.698
22.949
22.949
22.949
22.949
22.949
12.162
12.162
12.162
12.162
12.162
20.063
20.063
20.063
20.063
20.063
23.716
23.716
23.716
23.716
23.716
16.25
16.25
16.25
16.25
16.25
22.967
22.967
22.967
22.967
22.967
22.798
22.798
22.798
22.798
22.798
23.094
23.094
23.094
23.094
23.094
19.013
19.013
19.013
19.013
19.013
15.228
15.228
15.228
15.228
15.228
21.104
21.104
21.104
21.104
21.104
19.12
19.12
19.12
19.12
19.12
23.563
23.563
23.563
23.563
23.563
24.836
24.836
24.836
24.836
24.836
17.82
17.82
17.82
17.82
17.82
28.987
28.987
28.987
28.987
89.402
89.402
89.402
89.402
89.402
47.53
47.53
47.53
47.53
47.53
66.191
66.191
66.191
66.191
66.191
51.082
51.082
51.082
51.082
51.082
40.93
40.93
40.93
40.93
40.93
19.069
19.069
19.069
19.069
19.069
28.697
28.697
28.697
28.697
28.697
14.576
14.576
14.576
14.576
14.576
15.523
15.523
15.523
15.523
15.523
20.589
20.589
20.589
20.589
20.589
23.015
23.015
23.015
23.015
23.015
20.732
20.732
20.732
20.732
20.732
15.605
15.605
15.605
15.605
15.605
22.747
22.747
22.747
22.747
22.747
19.672
19.672
19.672
19.672
19.672
17.914
17.914
17.914
17.914
17.914
21.192
21.192
21.192
21.192
21.192
24.09
24.09
24.09
24.09
24.09
41.964
41.964
41.964
41.964
41.964
26.543
26.543
26.543
26.543
26.543
20.141
20.141
20.141
20.141
20.141
21.646
21.646
21.646
21.646
21.646
15.497
15.497
15.497
15.497
15.497
23.06
23.06
23.06
23.06
23.06
22.064
22.064
22.064
22.064
22.064
15.377
15.377
15.377
15.377
15.377
16.776
16.776
16.776
16.776
16.776
19.12
19.12
19.12
19.12
19.12
22.964
22.964
22.964
22.964
22.964
16.981
16.981
16.981
16.981
16.981
18.239
18.239
18.239
18.239
18.239
29.146
29.146
29.146
29.146
29.146
17.993
17.993
17.993
17.993
17.993
22.111
22.111
22.111
22.111
22.111
16.281
16.281
16.281
16.281
16.281
16.907
16.907
16.907
16.907
16.907
21.907
21.907
21.907
21.907
21.907
21.574
21.574
21.574
21.574
21.574
22.71
22.71
22.71
22.71
22.71
17.226
17.226
17.226
17.226
17.226
19.706
19.706
19.706
19.706
19.706
18.713
18.713
18.713
18.713
18.713
22.132
22.132
22.132
22.132
22.132
18.068
18.068
18.068
18.068
18.068
21.183
21.183
21.183
21.183
21.183
21.472
21.472
21.472
21.472
21.472
19.578
19.578
19.578
19.578
19.578
17.279
17.279
17.279
17.279
17.279
18.962
18.962
18.962
18.962
18.962
18.709
18.709
18.709
18.709
18.709
16.674
16.674
16.674
16.674
16.674
17.194
17.194
17.194
17.194
17.194
18.843
18.843
18.843
18.843
18.843
15.967
15.967
15.967
15.967
15.967
13.419
13.419
13.419
13.419
13.419
24.21
24.21
24.21
24.21
24.21
17.716
17.716
17.716
17.716
17.716
23.563
23.563
23.563
23.563
23.563
18.216
18.216
18.216
18.216
18.216
18.928
18.928
18.928
18.928
18.928
21.452
21.452
21.452
21.452
21.452
14.747
14.747
14.747
14.747
14.747
19.305
19.305
19.305
19.305
19.305
23.537
23.537
23.537
23.537
23.537
18.402
18.402
18.402
18.402
18.402
18.519
18.519
18.519
18.519
18.519
25.289
25.289
25.289
25.289
25.289
29.414
29.414
29.414
29.414
29.414
22.401
22.401
22.401
22.401
22.401
12.431
12.431
12.431
12.431
12.431
16.434
16.434
16.434
16.434
16.434
14.191
14.191
14.191
14.191
14.191
19.301
19.301
19.301
19.301
19.301
59.548
59.548
59.548
59.548
59.548
37.918
37.918
37.918
37.918
37.918
34.69
34.69
34.69
34.69
34.69
18.538
18.538
18.538
18.538
18.538
17.691
17.691
17.691
17.691
17.691
22.659
22.659
22.659
22.659
22.659
22.688
22.688
22.688
22.688
22.688
15.564
15.564
15.564
15.564
15.564
21.199
21.199
21.199
21.199
21.199
18.846
18.846
18.846
18.846
18.846
15.589
15.589
15.589
15.589
15.589
16.652
16.652
16.652
16.652
16.652
17.227
17.227
17.227
17.227
17.227
18.434
18.434
18.434
18.434
18.434
17.524
17.524
17.524
17.524
17.524
18.537
18.537
18.537
18.537
18.537
20.199
20.199
20.199
20.199
20.199
19.293
19.293
19.293
19.293
19.293
18.101
18.101
18.101
18.101
18.101
30.534
30.534
30.534
30.534
30.534
16.216
16.216
16.216
16.216
16.216
19.415
19.415
19.415
19.415
19.415
12.191
12.191
12.191
12.191
12.191
19.212
