1404
97
102
75
105
88
75
82
72
70
81
89
119
83
112
94
163
60
74
76
77
74
74
71
73
102
76
73
78
108
79
67
63
100
97
74
86
87
94
119
67
91
91
132
80
188
134
75
92
75
100
62
102
131
83
68
78
69
116
88
71
99
73
70
64
70
68
93
87
69
115
67
100
69
125
68
94
78
81
71
74
65
59
66
81
67
62
64
65
74
64
59
107
137
73
106
117
66
86
58
60
75
102
75
81
66
86
78
64
99
66
58
67
86
59
120
79
78
93
65
71
69
72
79
75
66
68
82
68
69
109
70
79
61
67
64
60
108
92
155
76
89
103
68
70
85
71
147
68
73
74
65
67
78
126
77
67
106
84
62
70
64
71
71
94
68
74
87
76
65
85
134
120
60
68
86
78
57
99
78
84
84
64
190
98
87
77
79
97
78
75
94
90
64
56
81
84
75
64
97
102
96
68
72
65
67
64
139
90
120
89
75
72
70
62
77
87
63
81
80
78
82
68
55
84
106
81
71
94
83
98
54
73
107
70
241
75
70
85
66
98
59
69
66
61
58
86
103
74
71
71
123
71
107
59
77
71
81
62
98
139
70
94
83
115
78
54
59
104
64
79
64
70
80
67
90
69
78
90
127
66
79
80
80
82
67
100
94
74
73
68
67
83
66
62
56
121
75
61
72
87
66
69
90
94
66
67
68
104
72
58
82
87
106
83
70
72
112
105
368
81
87
70
111
72
58
68
79
90
78
69
79
62
96
83
73
95
222
72
60
67
66
74
81
106
67
97
89
86
89
65
95
63
77
59
63
80
114
70
63
65
107
98
83
53
68
110
70
68
65
65
75
76
73
62
80
84
95
76
102
68
117
83
122
107
67
59
76
75
62
99
98
72
93
83
79
96
60
92
141
