0.0
0.0
0.0
0.0
0.0
67.388
67.388
67.388
67.388
67.388
21.829
21.829
21.829
21.829
21.829
22.924
22.924
22.924
22.924
22.924
26.227
26.227
26.227
26.227
26.227
22.466
22.466
22.466
22.466
22.466
20.977
20.977
20.977
20.977
20.977
23.388
23.388
23.388
23.388
23.388
25.772
25.772
25.772
25.772
25.772
18.629
18.629
18.629
18.629
18.629
21.514
21.514
21.514
21.514
21.514
23.558
23.558
23.558
23.558
23.558
16.351
16.351
16.351
16.351
16.351
15.588
15.588
15.588
15.588
15.588
18.386
18.386
18.386
18.386
18.386
21.068
21.068
21.068
21.068
21.068
20.241
20.241
20.241
20.241
20.241
24.591
24.591
24.591
24.591
24.591
15.229
15.229
15.229
15.229
15.229
22.835
22.835
22.835
22.835
22.835
17.881
17.881
17.881
17.881
17.881
21.566
21.566
21.566
21.566
21.566
19.808
19.808
19.808
19.808
19.808
25.776
25.776
25.776
25.776
25.776
31.863
31.863
31.863
31.863
31.863
24.626
24.626
24.626
24.626
24.626
21.345
21.345
21.345
21.345
21.345
23.969
23.969
23.969
23.969
23.969
19.114
19.114
19.114
19.114
19.114
20.086
20.086
20.086
20.086
20.086
17.68
17.68
17.68
17.68
17.68
23.029
23.029
23.029
23.029
23.029
22.707
22.707
22.707
22.707
22.707
18.746
18.746
18.746
18.746
18.746
20.611
20.611
20.611
20.611
20.611
18.075
18.075
18.075
18.075
18.075
17.279
17.279
17.279
17.279
17.279
26.173
26.173
26.173
26.173
26.173
20.663
20.663
20.663
20.663
20.663
16.918
16.918
16.918
16.918
16.918
25.191
25.191
25.191
25.191
25.191
17.247
17.247
17.247
17.247
17.247
37.276
37.276
37.276
37.276
37.276
26.196
26.196
26.196
26.196
26.196
19.911
19.911
19.911
19.911
19.911
17.574
17.574
17.574
17.574
17.574
22.644
22.644
22.644
22.644
22.644
12.332
12.332
12.332
12.332
12.332
24.974
24.974
24.974
24.974
24.974
15.309
15.309
15.309
15.309
15.309
21.275
21.275
21.275
21.275
21.275
23.638
23.638
23.638
23.638
23.638
17.84
17.84
17.84
17.84
17.84
15.879
15.879
15.879
15.879
15.879
38.333
38.333
38.333
38.333
38.333
22.211
22.211
22.211
22.211
22.211
10.677
10.677
10.677
10.677
10.677
16.154
16.154
16.154
16.154
16.154
22.784
22.784
22.784
22.784
22.784
21.976
21.976
21.976
21.976
21.976
14.85
14.85
14.85
14.85
14.85
26.605
26.605
26.605
26.605
26.605
16.781
16.781
16.781
16.781
16.781
19.24
19.24
19.24
19.24
19.24
20.228
20.228
20.228
20.228
20.228
21.378
