1390
123
117
113
101
113
107
89
87
79
65
76
81
82
100
96
80
69
82
65
76
96
93
84
99
87
62
67
57
77
62
83
66
58
142
93
59
108
104
69
67
85
95
71
58
97
80
62
66
94
143
86
79
119
86
64
62
69
72
67
82
74
139
90
55
74
76
121
126
76
94
169
132
109
63
60
59
66
59
69
84
55
71
73
90
90
96
61
79
71
78
62
69
66
58
71
167
78
83
119
55
90
61
84
76
82
66
168
95
68
87
110
88
93
86
77
72
67
69
74
83
55
102
81
57
69
111
92
72
84
59
68
72
67
69
61
61
88
60
72
63
63
167
136
73
74
61
70
60
82
142
57
65
66
62
76
73
81
71
59
53
108
97
83
55
70
78
63
72
64
83
110
97
65
77
91
64
76
64
80
79
89
121
64
72
62
68
76
72
135
77
113
64
134
66
69
85
60
63
106
