0.0
0.0
0.0
0.0
0.0
58.176
58.176
58.176
58.176
58.176
23.312
23.312
23.312
23.312
23.312
22.139
22.139
22.139
22.139
22.139
26.34
26.34
26.34
26.34
26.34
28.595
28.595
28.595
28.595
28.595
21.341
21.341
21.341
21.341
21.341
24.53
24.53
24.53
24.53
24.53
28.086
28.086
28.086
28.086
28.086
28.024
28.024
28.024
28.024
28.024
35.567
35.567
35.567
35.567
35.567
26.816
26.816
26.816
26.816
26.816
24.717
24.717
24.717
24.717
24.717
22.256
22.256
22.256
22.256
22.256
22.67
22.67
22.67
22.67
22.67
18.285
18.285
18.285
18.285
18.285
26.256
26.256
26.256
26.256
26.256
20.753
20.753
20.753
20.753
20.753
18.529
18.529
18.529
18.529
18.529
24.653
24.653
24.653
24.653
24.653
19.864
19.864
19.864
19.864
19.864
17.498
17.498
17.498
17.498
17.498
23.985
23.985
23.985
23.985
23.985
18.878
18.878
18.878
18.878
18.878
26.066
26.066
26.066
26.066
26.066
32.583
32.583
32.583
32.583
32.583
19.418
19.418
19.418
19.418
19.418
29.901
29.901
29.901
29.901
29.901
20.973
20.973
20.973
20.973
20.973
23.686
23.686
23.686
23.686
23.686
23.608
23.608
23.608
23.608
23.608
20.742
20.742
20.742
20.742
20.742
20.154
20.154
20.154
20.154
20.154
19.898
19.898
19.898
19.898
19.898
13.321
13.321
13.321
13.321
13.321
17.649
17.649
17.649
17.649
17.649
17.9
17.9
17.9
17.9
17.9
18.507
18.507
18.507
18.507
18.507
24.467
24.467
24.467
24.467
24.467
22.248
22.248
22.248
22.248
22.248
24.697
24.697
24.697
24.697
24.697
18.69
18.69
18.69
18.69
18.69
25.167
25.167
25.167
25.167
25.167
21.074
21.074
21.074
21.074
21.074
26.802
26.802
26.802
26.802
26.802
29.186
29.186
29.186
29.186
29.186
27.305
27.305
27.305
27.305
27.305
21.502
21.502
21.502
21.502
21.502
23.007
23.007
23.007
23.007
23.007
28.633
28.633
28.633
28.633
28.633
17.954
17.954
17.954
17.954
17.954
20.965
20.965
20.965
20.965
20.965
33.001
33.001
