1447
105
61
68
82
62
66
58
2604
72
76
71
80
80
74
74
72
83
63
63
99
97
71
74
86
121
72
135
126
97
61
82
77
61
67
61
660
71
63
109
60
84
58
77
81
71
63
66
139
112
85
61
122
75
91
84
76
69
63
65
87
149
63
60
61
78
117
62
56
59
57
75
58
93
70
121
55
73
96
66
83
82
58
87
58
56
53
90
66
73
75
71
56
89
80
63
64
104
85
101
76
52
93
79
70
51
70
86
84
71
81
50
118
65
73
57
83
82
63
75
75
77
61
67
64
77
96
95
100
63
79
61
74
77
54
93
90
68
59
74
74
80
52
74
58
57
57
100
63
52
49
68
71
51
61
62
59
72
90
79
62
50
54
66
82
58
57
53
84
68
63
93
66
68
91
80
89
64
68
67
72
62
72
53
59
55
72
76
64
71
64
85
91
75
99
71
98
