100.0
100.0
100.0
100.0
100.0
49.628
49.628
49.628
49.628
49.628
16.174
16.174
16.174
16.174
16.174
23.936
23.936
23.936
23.936
23.936
47.673
47.673
47.673
47.673
47.673
49.717
49.717
49.717
49.717
49.717
30.628
30.628
30.628
30.628
30.628
19.962
19.962
19.962
19.962
19.962
20.593
20.593
20.593
20.593
20.593
30.039
30.039
30.039
30.039
30.039
22.735
22.735
22.735
22.735
22.735
23.686
23.686
23.686
23.686
23.686
19.418
19.418
19.418
19.418
19.418
13.29
13.29
13.29
13.29
13.29
22.737
22.737
22.737
22.737
22.737
19.272
19.272
19.272
19.272
19.272
19.005
19.005
19.005
19.005
19.005
23.735
23.735
23.735
23.735
23.735
18.404
18.404
18.404
18.404
18.404
21.181
21.181
21.181
21.181
21.181
24.295
24.295
24.295
24.295
24.295
20.922
20.922
20.922
20.922
20.922
21.277
21.277
21.277
21.277
21.277
20.351
20.351
20.351
20.351
20.351
44.83
44.83
44.83
44.83
44.83
54.617
54.617
54.617
54.617
54.617
56.743
56.743
56.743
56.743
56.743
36.935
36.935
36.935
36.935
36.935
71.231
71.231
71.231
71.231
71.231
32.948
32.948
32.948
32.948
32.948
23.768
23.768
23.768
23.768
23.768
19.353
19.353
19.353
19.353
19.353
20.996
20.996
20.996
20.996
20.996
23.226
23.226
23.226
23.226
23.226
20.75
20.75
20.75
20.75
20.75
22.184
22.184
22.184
22.184
22.184
23.262
23.262
23.262
23.262
23.262
35.493
35.493
35.493
35.493
35.493
47.618
47.618
47.618
47.618
47.618
44.199
44.199
44.199
44.199
44.199
30.695
30.695
30.695
30.695
30.695
13.287
13.287
13.287
13.287
13.287
24.341
24.341
24.341
24.341
24.341
23.913
23.913
23.913
23.913
23.913
21.182
21.182
21.182
21.182
21.182
16.803
16.803
16.803
16.803
16.803
22.722
22.722
22.722
22.722
22.722
18.813
18.813
18.813
18.813
18.813
21.631
21.631
21.631
21.631
21.631
19.203
19.203
19.203
19.203
19.203
19.613
19.613
19.613
19.613
19.613
24.282
24.282
24.282
24.282
24.282
23.638
23.638
23.638
23.638
23.638
24.278
24.278
24.278
24.278
24.278
17.177
17.177
17.177
17.177
17.177
41.778
41.778
41.778
41.778
41.778
19.483
19.483
19.483
19.483
19.483
24.418
24.418
24.418
24.418
24.418
18.884
18.884
18.884
18.884
18.884
24.595
24.595
24.595
24.595
24.595
44.621
44.621
44.621
44.621
44.621
39.014
39.014
39.014
39.014
39.014
29.808
29.808
29.808
29.808
29.808
15.185
15.185
15.185
15.185
15.185
21.239
21.239
21.239
21.239
21.239
25.486
25.486
25.486
25.486
25.486
16.813
