1395
158
122
102
79
99
96
98
77
82
81
65
102
101
98
97
68
91
69
86
93
66
71
85
91
144
58
61
64
63
72
104
137
133
78
113
78
82
82
92
141
85
68
86
74
102
67
72
62
59
97
67
109
81
76
60
95
96
72
68
113
106
74
81
87
79
91
85
71
81
67
64
75
63
109
70
115
82
74
73
97
77
79
76
70
76
84
62
82
74
76
91
91
59
65
64
83
74
65
69
98
90
80
73
60
72
65
86
68
91
72
89
82
63
106
86
82
87
78
66
96
79
62
72
71
79
85
70
96
90
83
75
123
73
86
58
83
60
96
76
103
57
91
73
63
69
79
76
72
161
69
83
61
124
57
63
57
93
130
68
90
89
129
71
73
88
66
94
96
70
88
62
66
95
61
83
117
84
85
56
62
87
109
94
82
74
70
73
71
64
72
74
74
95
57
83
81
117
68
63
