0.0
0.0
0.0
0.0
0.0
55.867
55.867
55.867
55.867
55.867
13.06
13.06
13.06
13.06
13.06
20.973
20.973
20.973
20.973
20.973
18.985
18.985
18.985
18.985
18.985
20.415
20.415
20.415
20.415
20.415
16.422
16.422
16.422
16.422
16.422
22.996
22.996
22.996
22.996
22.996
22.533
22.533
22.533
22.533
22.533
18.171
18.171
18.171
18.171
18.171
22.449
22.449
22.449
22.449
22.449
16.388
16.388
16.388
16.388
16.388
29.169
29.169
29.169
29.169
29.169
27.178
27.178
27.178
27.178
27.178
26.205
26.205
26.205
26.205
26.205
20.276
20.276
20.276
20.276
20.276
22.227
22.227
22.227
22.227
22.227
20.991
20.991
20.991
20.991
20.991
18.823
18.823
18.823
18.823
18.823
27.994
27.994
27.994
27.994
27.994
18.224
18.224
18.224
18.224
18.224
21.772
21.772
21.772
21.772
21.772
17.648
17.648
17.648
17.648
17.648
16.372
16.372
16.372
16.372
16.372
18.725
18.725
18.725
18.725
18.725
22.111
22.111
22.111
22.111
22.111
22.803
22.803
22.803
22.803
22.803
15.577
15.577
15.577
15.577
15.577
26.049
26.049
26.049
26.049
26.049
17.235
17.235
17.235
17.235
17.235
20.375
20.375
20.375
20.375
20.375
19.308
19.308
19.308
19.308
19.308
19.999
19.999
19.999
19.999
19.999
17.956
17.956
17.956
17.956
17.956
21.35
21.35
21.35
21.35
21.35
25.644
25.644
25.644
25.644
25.644
22.483
22.483
22.483
22.483
22.483
17.203
17.203
17.203
17.203
17.203
20.329
20.329
20.329
20.329
20.329
21.181
21.181
21.181
21.181
21.181
16.441
16.441
16.441
16.441
16.441
18.236
18.236
18.236
18.236
18.236
18.217
18.217
18.217
18.217
18.217
18.677
18.677
18.677
18.677
18.677
16.741
16.741
16.741
16.741
16.741
18.695
18.695
18.695
18.695
18.695
22.58
22.58
22.58
22.58
22.58
18.555
18.555
18.555
18.555
18.555
22.653
22.653
22.653
22.653
22.653
23.499
23.499
23.499
23.499
23.499
33.348
33.348
33.348
33.348
33.348
22.062
22.062
22.062
22.062
22.062
23.295
23.295
23.295
23.295
23.295
16.226
16.226
16.226
16.226
16.226
29.619
29.619
29.619
29.619
29.619
36.177
36.177
36.177
36.177
36.177
18.703
18.703
18.703
18.703
18.703
15.753
15.753
15.753
15.753
15.753
22.225
22.225
22.225
22.225
61.64
61.64
61.64
61.64
61.64
19.117
19.117
19.117
19.117
19.117
17.946
17.946
17.946
17.946
17.946
16.776
16.776
16.776
16.776
16.776
22.515
22.515
