1348
121
79
75
86
97
88
90
76
79
80
72
108
94
100
123
108
135
71
57
108
61
66
70
67
93
76
69
91
88
177
60
70
68
102
98
100
74
124
90
64
68
110
83
78
103
79
69
64
64
97
91
68
72
86
62
73
67
88
79
71
64
71
75
85
110
80
62
90
78
95
90
57
76
69
75
58
68
67
64
72
88
83
90
105
64
73
70
58
64
96
92
67
67
79
77
122
85
137
69
83
70
80
62
70
62
74
87
90
65
67
67
66
66
76
77
95
102
100
126
111
62
90
76
64
104
78
76
69
73
58
82
107
59
77
80
80
59
48
63
59
65
64
126
99
78
60
65
115
84
78
92
101
63
68
65
73
58
93
95
99
91
100
85
60
72
62
68
100
74
60
87
102
63
86
84
69
78
64
73
74
117
98
94
72
58
101
107
93
92
92
60
91
136
196
105
78
76
89
110
