NaN
NaN
NaN
NaN
NaN
76.236
76.236
76.236
76.236
76.236
28.812
28.812
28.812
28.812
28.812
24.439
24.439
24.439
24.439
24.439
30.365
30.365
30.365
30.365
30.365
25.346
25.346
25.346
25.346
25.346
32.295
32.295
32.295
32.295
32.295
23.762
23.762
23.762
23.762
23.762
22.616
22.616
22.616
22.616
22.616
29.223
29.223
29.223
29.223
29.223
32.953
32.953
32.953
32.953
32.953
21.817
21.817
21.817
21.817
21.817
40.486
40.486
40.486
40.486
40.486
26.685
26.685
26.685
26.685
26.685
33.047
33.047
33.047
33.047
33.047
18.532
18.532
18.532
18.532
18.532
27.294
27.294
27.294
27.294
27.294
22.355
22.355
22.355
22.355
22.355
24.558
24.558
24.558
24.558
24.558
21.178
21.178
21.178
21.178
21.178
23.73
23.73
23.73
23.73
23.73
18.807
18.807
18.807
18.807
18.807
24.28
24.28
24.28
24.28
24.28
20.176
20.176
20.176
20.176
20.176
20.409
20.409
20.409
20.409
20.409
21.941
21.941
21.941
21.941
21.941
23.272
23.272
23.272
23.272
23.272
21.93
21.93
21.93
21.93
21.93
24.647
24.647
24.647
24.647
24.647
17.999
17.999
17.999
17.999
17.999
17.804
17.804
17.804
17.804
17.804
22.399
22.399
22.399
22.399
22.399
18.358
18.358
18.358
18.358
18.358
17.935
17.935
17.935
17.935
17.935
28.936
28.936
28.936
28.936
28.936
16.939
16.939
16.939
16.939
16.939
13.818
13.818
13.818
13.818
13.818
17.983
17.983
17.983
17.983
17.983
21.064
21.064
21.064
21.064
21.064
20.785
20.785
20.785
20.785
20.785
19.607
19.607
19.607
19.607
19.607
18.716
18.716
18.716
18.716
18.716
24.854
24.854
24.854
24.854
24.854
18.858
18.858
18.858
18.858
18.858
21.843
21.843
21.843
21.843
21.843
21.72
21.72
21.72
21.72
21.72
22.409
22.409
22.409
22.409
22.409
17.377
17.377
17.377
17.377
17.377
22.256
22.256
22.256
22.256
22.256
22.697
22.697
22.697
22.697
22.697
25.015
25.015
25.015
25.015
25.015
22.738
22.738
22.738
22.738
22.738
21.589
21.589
