1526
111
87
66
144
2293
91
89
79
60
73
83
137
598
90
70
102
64
71
72
71
86
419
73
63
106
54
67
66
68
107
60
960
84
61
81
81
79
58
58
61
68
489
82
76
89
61
60
61
69
72
58
93
71
60
158
53
67
81
83
60
81
78
80
60
103
59
75
79
52
81
56
73
60
78
68
83
73
48
57
76
118
66
87
99
58
70
80
70
85
61
82
62
47
103
75
59
71
90
96
69
88
65
62
75
74
97
82
56
78
69
70
53
68
56
65
62
104
82
108
71
54
86
101
69
73
70
74
65
56
91
48
167
156
85
80
56
70
79
59
59
56
48
67
106
51
50
54
72
64
54
61
49
79
106
102
68
73
62
50
84
100
66
58
52
72
57
91
54
50
126
81
81
67
65
60
82
69
83
77
62
64
61
62
71
72
63
85
83
61
55
