100.0
100.0
100.0
100.0
100.0
60.869
60.869
60.869
60.869
60.869
22.206
22.206
22.206
22.206
22.206
18.253
18.253
18.253
18.253
18.253
25.84
25.84
25.84
25.84
25.84
24.608
24.608
24.608
24.608
24.608
35.488
35.488
35.488
35.488
35.488
30.106
30.106
30.106
30.106
30.106
32.926
32.926
32.926
32.926
32.926
31.132
31.132
31.132
31.132
31.132
22.097
22.097
22.097
22.097
22.097
35.952
35.952
35.952
35.952
35.952
22.261
22.261
22.261
22.261
22.261
17.695
17.695
17.695
17.695
17.695
17.854
17.854
17.854
17.854
17.854
22.956
22.956
22.956
22.956
22.956
19.68
19.68
19.68
19.68
19.68
23.128
23.128
23.128
23.128
23.128
24.586
24.586
24.586
24.586
24.586
31.884
31.884
31.884
31.884
31.884
22.008
22.008
22.008
22.008
22.008
21.208
21.208
21.208
21.208
21.208
29.457
29.457
29.457
29.457
29.457
23.64
23.64
23.64
23.64
23.64
22.53
22.53
22.53
22.53
22.53
20.038
20.038
20.038
20.038
20.038
22.052
22.052
22.052
22.052
22.052
19.893
19.893
19.893
19.893
19.893
28.578
28.578
28.578
28.578
28.578
24.73
24.73
24.73
24.73
24.73
36.705
36.705
36.705
36.705
36.705
20.211
20.211
20.211
20.211
20.211
25.547
25.547
25.547
25.547
25.547
18.947
18.947
18.947
18.947
18.947
23.168
23.168
23.168
23.168
23.168
25.494
25.494
25.494
25.494
25.494
28.286
28.286
28.286
28.286
28.286
18.266
18.266
18.266
18.266
18.266
17.978
17.978
17.978
17.978
17.978
23.854
23.854
23.854
23.854
23.854
21.223
21.223
21.223
21.223
21.223
21.655
21.655
21.655
21.655
21.655
20.642
20.642
20.642
20.642
20.642
27.854
27.854
27.854
27.854
27.854
14.896
14.896
14.896
14.896
14.896
23.241
23.241
23.241
23.241
23.241
19.269
19.269
19.269
19.269
19.269
19.157
19.157
19.157
19.157
19.157
15.807
15.807
15.807
15.807
15.807
20.292
20.292
20.292
20.292
20.292
16.114
16.114
16.114
16.114
16.114
22.431
22.431
22.431
22.431
22.431
16.618
16.618
16.618
16.618
16.618
20.313
