1464
82
92
110
60
2230
95
65
60
64
78
76
74
75
80
989
94
100
82
78
106
90
65
85
88
75
121
67
87
73
57
69
94
81
75
81
83
100
96
61
84
347
59
80
84
93
93
70
93
83
61
66
55
94
79
53
63
112
70
75
76
100
56
54
121
65
61
102
57
65
76
89
94
63
59
90
80
60
87
79
60
74
56
79
61
54
63
57
66
56
84
73
52
56
80
85
51
55
67
83
56
76
55
65
67
55
54
62
66
58
73
83
57
52
71
93
52
51
72
60
52
68
89
71
55
63
58
88
81
61
65
57
64
67
72
70
70
93
99
122
90
64
59
77
83
57
62
48
68
64
62
68
63
83
66
79
117
74
77
48
115
137
54
58
62
60
79
69
54
55
90
68
61
87
92
94
69
78
74
75
60
78
59
67
70
85
59
70
87
84
69
53
56
53
