0.0
0.0
0.0
0.0
0.0
56.912
56.912
56.912
56.912
56.912
23.317
23.317
23.317
23.317
23.317
34.095
34.095
34.095
34.095
34.095
33.937
33.937
33.937
33.937
33.937
26.587
26.587
26.587
26.587
26.587
32.717
32.717
32.717
32.717
32.717
24.271
24.271
24.271
24.271
24.271
22.816
22.816
22.816
22.816
22.816
36.793
36.793
36.793
36.793
36.793
21.546
21.546
21.546
21.546
21.546
27.648
27.648
27.648
27.648
27.648
32.217
32.217
32.217
32.217
32.217
34.652
34.652
34.652
34.652
34.652
27.866
27.866
27.866
27.866
27.866
39.62
39.62
39.62
39.62
39.62
31.372
31.372
31.372
31.372
31.372
31.811
31.811
31.811
31.811
31.811
23.85
23.85
23.85
23.85
23.85
30.975
30.975
30.975
30.975
30.975
31.022
31.022
31.022
31.022
31.022
28.431
28.431
28.431
28.431
28.431
24.443
24.443
24.443
24.443
24.443
26.618
26.618
26.618
26.618
26.618
40.757
40.757
40.757
40.757
40.757
22.92
22.92
22.92
22.92
22.92
37.75
37.75
37.75
37.75
37.75
34.053
34.053
34.053
34.053
34.053
28.042
28.042
28.042
28.042
28.042
33.783
33.783
33.783
33.783
33.783
36.379
36.379
36.379
36.379
36.379
34.777
34.777
34.777
34.777
34.777
36.498
36.498
36.498
36.498
36.498
24.038
24.038
24.038
24.038
24.038
36.88
36.88
36.88
36.88
36.88
45.152
45.152
45.152
45.152
45.152
33.517
33.517
33.517
33.517
33.517
26.856
26.856
26.856
26.856
26.856
24.751
24.751
24.751
24.751
24.751
27.437
27.437
27.437
27.437
27.437
32.974
32.974
32.974
32.974
32.974
26.094
26.094
26.094
26.094
26.094
32.438
32.438
32.438
32.438
32.438
26.763
26.763
26.763
26.763
26.763
32.691
32.691
32.691
32.691
32.691
33.299
33.299
33.299
33.299
33.299
30.196
30.196
30.196
30.196
30.196
28.72
28.72
28.72
28.72
28.72
29.83
29.83
29.83
29.83
29.83
35.155
35.155
35.155
35.155
35.155
25.911
25.911
25.911
25.911
25.911
32.082
32.082
32.082
32.082
32.082
27.383
27.383
27.383
27.383
27.383
26.283
26.283
26.283
26.283
26.283
22.257
22.257
22.257
22.257
22.257
29.768
29.768
29.768
29.768
29.768
30.725
30.725
30.725
30.725
30.725
27.19
27.19
27.19
27.19
27.19
34.435
34.435
34.435
34.435
34.435
27.513
27.513
27.513
27.513
27.513
33.189
33.189
33.189
33.189
33.189
24.32
