1144
1147
96
121
114
97
60
76
89
117
72
107
58
55
88
82
93
71
59
76
63
82
82
73
57
66
52
66
68
72
65
74
54
62
57
65
53
74
50
56
86
109
70
122
63
94
56
85
64
118
67
124
52
108
104
72
100
68
97
59
128
60
62
71
84
62
62
75
125
59
57
57
89
100
94
77
64
68
61
130
64
86
133
66
92
62
61
66
54
55
57
65
72
120
85
67
86
49
64
70
116
80
54
54
54
60
83
131
79
59
88
87
91
62
54
65
85
87
77
60
74
73
69
57
69
54
91
69
53
66
76
69
75
77
115
56
65
70
54
71
60
57
81
64
87
57
57
56
76
69
70
55
61
110
67
63
70
76
149
68
66
76
66
59
93
66
64
52
70
57
77
79
83
107
96
85
54
99
52
80
64
60
68
61
53
68
61
66
56
84
73
63
50
90
58
54
51
62
62
56
72
52
69
71
54
75
58
66
63
57
98
69
56
50
93
59
75
78
61
58
84
96
55
63
65
79
57
49
71
52
54
49
59
85
57
69
56
70
51
68
69
67
59
78
63
57
74
76
64
62
74
56
56
78
53
63
61
76
56
64
72
61
49
53
51
73
98
105
47
66
59
95
72
61
56
46
60
62
63
51
63
127
61
64
54
57
55
70
56
75
55
73
75
85
53
56
155
73
55
102
59
67
56
91
48
62
43
82
80
67
74
54
92
62
60
47
93
99
51
66
79
66
70
56
97
72
121
49
99
111
67
65
66
56
63
73
59
61
83
62
61
56
80
53
125
49
55
69
89
89
57
56
79
61
75
108
111
54
66
78
59
64
50
65
71
60
67
73
121
65
55
88
49
54
69
54
76
54
67
54
99
69
80
62
60
46
65
111
56
62
60
80
60
56
53
47
72
51
62
86
