100.0
100.0
100.0
100.0
100.0
49.116
49.116
49.116
49.116
49.116
17.521
17.521
17.521
17.521
17.521
39.503
39.503
39.503
39.503
39.503
30.271
30.271
30.271
30.271
30.271
19.908
19.908
19.908
19.908
19.908
24.297
24.297
24.297
24.297
24.297
20.064
20.064
20.064
20.064
20.064
21.875
21.875
21.875
21.875
21.875
23.376
23.376
23.376
23.376
23.376
18.117
18.117
18.117
18.117
18.117
21.423
21.423
21.423
21.423
21.423
19.309
19.309
19.309
19.309
19.309
27.326
27.326
27.326
27.326
27.326
16.707
16.707
16.707
16.707
16.707
23.083
23.083
23.083
23.083
23.083
24.729
24.729
24.729
24.729
24.729
24.965
24.965
24.965
24.965
24.965
13.28
13.28
13.28
13.28
13.28
18.712
18.712
18.712
18.712
18.712
16.456
16.456
16.456
16.456
16.456
23.23
23.23
23.23
23.23
23.23
18.345
18.345
18.345
18.345
18.345
38.167
38.167
38.167
38.167
38.167
19.98
19.98
19.98
19.98
19.98
20.548
20.548
20.548
20.548
20.548
14.528
14.528
14.528
14.528
14.528
21.123
21.123
21.123
21.123
21.123
20.823
20.823
20.823
20.823
20.823
18.396
18.396
18.396
18.396
18.396
23.333
23.333
23.333
23.333
23.333
14.456
14.456
14.456
14.456
14.456
13.037
13.037
13.037
13.037
13.037
19.465
19.465
19.465
19.465
19.465
19.74
19.74
19.74
19.74
19.74
17.57
17.57
17.57
17.57
17.57
14.216
14.216
14.216
14.216
14.216
13.024
13.024
13.024
13.024
13.024
15.6
15.6
15.6
15.6
15.6
26.763
26.763
26.763
26.763
26.763
16.703
16.703
16.703
16.703
16.703
16.512
16.512
16.512
16.512
16.512
14.378
14.378
14.378
14.378
14.378
18.176
18.176
18.176
18.176
18.176
20.496
20.496
20.496
20.496
20.496
16.192
16.192
16.192
16.192
16.192
18.364
18.364
18.364
18.364
18.364
25.704
25.704
25.704
25.704
25.704
34.0
34.0
34.0
34.0
34.0
28.562
28.562
28.562
28.562
28.562
13.858
13.858
13.858
13.858
13.858
16.951
16.951
16.951
16.951
16.951
18.649
18.649
18.649
18.649
18.649
25.811
25.811
25.811
25.811
25.811
22.64
22.64
22.64
22.64
22.64
19.736
19.736
19.736
19.736
19.736
18.944
18.944
18.944
18.944
18.944
16.669
16.669
16.669
16.669
16.669
14.554
14.554
14.554
14.554
14.554
22.318
22.318
22.318
22.318
22.318
16.836
16.836
16.836
16.836
16.836
26.49
26.49
26.49
26.49
26.49
15.908
15.908
15.908
15.908
15.908
24.323
24.323
24.323
24.323
24.323
18.685
18.685
18.685
18.685
18.685
18.804
18.804
18.804
18.804
18.804
15.587
15.587
15.587
15.587
15.587
14.66
14.66
14.66
14.66
14.66
21.857
21.857
21.857
21.857
21.857
16.68
16.68
16.68
16.68
16.68
15.912
15.912
15.912
15.912
15.912
18.202
18.202
18.202
18.202
18.202
16.348
16.348
16.348
16.348
16.348
7.504
7.504
7.504
7.504
7.504
21.72
21.72
21.72
21.72
21.72
22.028
22.028
22.028
22.028
22.028
18.652
18.652
18.652
18.652
18.652
21.576
21.576
21.576
21.576
21.576
14.217
14.217
14.217
14.217
14.217
18.651
18.651
18.651
18.651
18.651
11.254
11.254
11.254
11.254
11.254
18.495
18.495
18.495
18.495
18.495
16.915
16.915
16.915
16.915
16.915
