2931
94
96
59
93
73
62
67
63
69
61
80
79
73
91
119
66
76
108
98
84
77
62
99
66
78
101
90
68
62
95
67
110
156
63
95
86
71
57
110
81
146
105
73
123
67
79
82
110
128
113
118
66
100
74
143
89
104
102
102
91
108
95
67
150
64
83
81
57
60
73
97
128
72
73
73
96
111
58
103
58
129
65
100
93
68
96
61
86
73
63
91
105
58
63
53
64
55
71
59
104
69
58
65
71
70
69
83
71
84
61
60
85
84
58
64
94
50
50
81
101
50
56
100
67
83
89
75
60
87
66
138
127
61
63
76
63
74
84
104
61
62
64
98
79
59
73
90
141
67
95
68
68
69
87
99
108
82
89
63
89
66
94
96
56
65
65
85
91
88
95
93
63
54
69
89
136
94
85
112
55
73
74
101
62
63
101
64
98
89
82
61
63
67
97
59
56
53
70
69
61
83
84
65
64
67
72
67
113
66
73
80
58
122
81
78
66
138
84
74
92
92
73
76
100
66
98
75
85
62
57
82
68
71
68
61
58
79
67
65
63
58
71
88
111
100
58
58
112
59
95
72
56
112
67
59
76
59
104
78
69
74
61
67
62
82
70
65
73
98
70
117
67
115
73
75
62
76
79
72
62
72
90
81
61
72
56
86
51
104
70
63
101
103
102
95
80
64
89
60
57
56
94
112
65
87
83
80
83
103
74
94
81
95
72
68
56
157
76
84
80
67
69
74
61
109
132
78
77
76
87
103
91
182
85
108
80
53
62
74
64
65
110
97
95
79
62
86
102
196
106
89
78
57
61
56
106
92
59
78
79
72
72
74
58
59
62
69
78
61
78
81
71
59
115
53
61
65
104
70
92
65
79
99
82
89
131
69
113
102
81
74
111
60
123
75
214
75
67
