0.0
0.0
0.0
0.0
0.0
58.729
58.729
58.729
58.729
58.729
17.107
17.107
17.107
17.107
17.107
19.446
19.446
19.446
19.446
19.446
30.175
30.175
30.175
30.175
30.175
18.559
18.559
18.559
18.559
18.559
18.384
18.384
18.384
18.384
18.384
23.215
23.215
23.215
23.215
23.215
21.819
21.819
21.819
21.819
52.081
52.081
52.081
52.081
52.081
65.01
65.01
65.01
65.01
65.01
32.766
32.766
32.766
32.766
32.766
19.877
19.877
19.877
19.877
19.877
25.755
25.755
25.755
25.755
25.755
50.015
50.015
50.015
50.015
50.015
35.256
35.256
35.256
35.256
35.256
55.709
55.709
55.709
55.709
55.709
40.913
40.913
40.913
40.913
40.913
45.745
45.745
45.745
45.745
45.745
20.176
20.176
20.176
20.176
20.176
22.224
22.224
22.224
22.224
22.224
13.203
13.203
13.203
13.203
13.203
17.811
17.811
17.811
17.811
17.811
22.111
22.111
22.111
22.111
22.111
29.855
29.855
29.855
29.855
29.855
25.95
25.95
25.95
25.95
25.95
24.622
24.622
24.622
24.622
24.622
16.967
16.967
16.967
16.967
16.967
18.003
18.003
18.003
18.003
18.003
18.852
18.852
18.852
18.852
18.852
23.673
23.673
23.673
23.673
23.673
22.732
22.732
22.732
22.732
22.732
21.546
21.546
21.546
21.546
21.546
23.887
23.887
23.887
23.887
23.887
22.911
22.911
22.911
22.911
22.911
20.637
20.637
20.637
20.637
20.637
18.983
18.983
18.983
18.983
18.983
24.446
24.446
24.446
24.446
24.446
18.436
18.436
18.436
18.436
18.436
22.415
22.415
22.415
22.415
22.415
18.031
18.031
18.031
18.031
18.031
17.699
17.699
17.699
17.699
17.699
17.7
17.7
17.7
17.7
17.7
21.383
21.383
21.383
21.383
21.383
25.291
25.291
25.291
25.291
25.291
19.531
19.531
19.531
19.531
19.531
20.859
20.859
20.859
20.859
20.859
16.732
16.732
16.732
16.732
16.732
17.759
17.759
17.759
17.759
17.759
22.222
22.222
22.222
22.222
22.222
25.407
25.407
25.407
25.407
25.407
17.533
17.533
17.533
17.533
17.533
16.84
16.84
16.84
16.84
16.84
12.448
12.448
12.448
12.448
12.448
22.277
22.277
22.277
22.277
22.277
20.766
20.766
20.766
20.766
20.766
17.956
17.956
17.956
17.956
17.956
14.943
14.943
14.943
14.943
14.943
23.659
23.659
23.659
23.659
23.659
17.94
17.94
17.94
17.94
17.94
24.186
24.186
24.186
24.186
24.186
21.563
21.563
21.563
21.563
21.563
17.584
17.584
17.584
17.584
17.584
17.814
17.814
17.814
17.814
17.814
23.996
23.996
23.996
23.996
23.996
17.888
17.888
17.888
