1398
99
134
91
72
90
99
71
72
128
79
89
83
120
80
88
80
59
74
74
67
66
81
102
77
71
100
66
92
114
80
97
70
129
79
79
92
85
98
76
82
72
67
75
76
84
102
90
72
108
56
73
92
65
107
68
77
74
97
108
108
57
72
89
66
106
91
69
65
72
85
78
67
89
93
75
75
114
70
85
74
96
78
73
69
80
67
77
67
72
84
85
84
58
70
77
102
96
71
79
58
82
69
56
131
84
96
61
74
67
64
93
82
100
85
68
80
74
103
76
68
65
62
63
87
80
147
74
83
90
93
103
89
94
67
77
84
89
80
112
82
65
74
116
97
99
96
79
91
82
103
83
80
130
61
80
82
100
99
149
91
80
78
69
69
71
79
80
91
70
107
62
69
69
65
76
58
80
62
84
91
66
74
84
80
69
100
75
73
64
78
96
86
112
105
66
79
68
73
62
