0.0
0.0
0.0
0.0
0.0
64.96
64.96
64.96
64.96
64.96
18.417
18.417
18.417
18.417
18.417
28.756
28.756
28.756
28.756
28.756
25.208
25.208
25.208
25.208
25.208
23.12
23.12
23.12
23.12
23.12
21.807
21.807
21.807
21.807
21.807
33.562
33.562
33.562
33.562
33.562
27.165
27.165
27.165
27.165
27.165
26.076
26.076
26.076
26.076
26.076
32.834
32.834
32.834
32.834
32.834
23.568
23.568
23.568
23.568
23.568
36.04
36.04
36.04
36.04
36.04
40.31
40.31
40.31
40.31
40.31
21.282
21.282
21.282
21.282
21.282
20.807
20.807
20.807
20.807
20.807
20.257
20.257
20.257
20.257
20.257
21.96
21.96
21.96
21.96
21.96
23.198
23.198
23.198
23.198
23.198
20.106
20.106
20.106
20.106
20.106
16.22
16.22
16.22
16.22
16.22
22.712
22.712
22.712
22.712
22.712
22.745
22.745
22.745
22.745
22.745
18.405
18.405
18.405
18.405
18.405
25.599
25.599
25.599
25.599
25.599
16.495
16.495
16.495
16.495
16.495
16.474
16.474
16.474
16.474
16.474
