0.0
0.0
0.0
0.0
0.0
40.138
40.138
40.138
40.138
40.138
31.504
31.504
31.504
31.504
31.504
37.019
37.019
37.019
37.019
37.019
22.026
22.026
22.026
22.026
22.026
26.709
26.709
26.709
26.709
26.709
25.166
25.166
25.166
25.166
25.166
21.577
21.577
21.577
21.577
21.577
26.095
26.095
26.095
26.095
26.095
27.068
27.068
27.068
27.068
27.068
20.214
20.214
20.214
20.214
20.214
23.231
23.231
23.231
23.231
23.231
26.381
26.381
26.381
26.381
26.381
18.555
18.555
18.555
18.555
18.555
22.932
22.932
22.932
22.932
22.932
11.189
11.189
11.189
11.189
11.189
20.064
20.064
20.064
20.064
20.064
19.775
19.775
19.775
19.775
19.775
42.185
42.185
42.185
42.185
42.185
32.78
32.78
32.78
32.78
32.78
32.259
32.259
32.259
32.259
32.259
20.065
20.065
20.065
20.065
20.065
18.036
18.036
18.036
18.036
18.036
30.136
30.136
30.136
30.136
30.136
14.092
14.092
14.092
14.092
14.092
21.725
21.725
21.725
21.725
21.725
22.727
22.727
22.727
22.727
22.727
19.308
19.308
19.308
19.308
19.308
13.192
13.192
13.192
13.192
13.192
11.187
11.187
11.187
11.187
11.187
24.596
24.596
24.596
24.596
24.596
18.112
18.112
18.112
18.112
18.112
21.129
21.129
21.129
21.129
21.129
17.637
17.637
17.637
17.637
17.637
20.953
20.953
