2923
148
96
3390
92
94
88
66
89
70
67
77
67
299
84
67
103
93
68
68
115
88
253
87
91
72
80
76
63
53
59
77
78
67
62
113
91
97
75
62
73
83
645
89
71
62
75
95
90
64
83
91
68
60
118
68
88
79
77
89
77
138
92
74
91
54
72
61
81
67
56
61
64
113
48
66
70
56
70
71
55
80
95
65
67
69
62
54
56
54
83
60
87
89
112
114
77
60
77
56
59
63
92
65
58
97
60
109
77
65
58
74
89
65
82
75
65
67
62
57
66
73
79
55
68
78
69
69
83
62
63
85
62
62
112
86
58
93
80
78
93
83
70
86
68
58
122
73
62
65
69
70
96
91
79
85
85
55
66
107
99
65
56
72
113
75
59
98
77
85
55
51
68
75
74
61
57
80
101
62
61
96
54
52
75
67
56
84
61
106
70
73
68
