0.0
0.0
0.0
0.0
0.0
29.254
29.254
29.254
29.254
29.254
60.79
60.79
60.79
60.79
60.79
83.045
83.045
83.045
83.045
86.503
86.503
86.503
86.503
86.503
50.237
50.237
50.237
50.237
50.237
12.384
12.384
12.384
12.384
12.384
22.328
22.328
22.328
22.328
22.328
32.883
32.883
32.883
32.883
32.883
24.909
24.909
24.909
24.909
24.909
26.853
26.853
26.853
26.853
26.853
19.619
19.619
19.619
19.619
19.619
31.196
31.196
31.196
31.196
13.877
13.877
13.877
13.877
13.877
12.693
12.693
12.693
12.693
12.693
27.412
27.412
27.412
27.412
27.412
20.671
20.671
20.671
20.671
20.671
22.313
22.313
22.313
22.313
22.313
19.912
19.912
19.912
19.912
19.912
17.456
17.456
17.456
17.456
17.456
17.204
17.204
17.204
17.204
17.204
13.443
13.443
13.443
13.443
13.443
31.382
31.382
31.382
31.382
31.382
16.977
16.977
16.977
16.977
16.977
23.332
23.332
23.332
23.332
23.332
25.029
25.029
25.029
25.029
25.029
25.118
25.118
25.118
25.118
25.118
19.756
19.756
19.756
19.756
19.756
15.871
15.871
15.871
15.871
15.871
26.705
26.705
26.705
26.705
26.705
25.343
25.343
25.343
25.343
25.343
18.083
18.083
18.083
18.083
18.083
15.119
15.119
15.119
15.119
15.119
17.796
17.796
17.796
17.796
17.796
19.796
19.796
19.796
19.796
19.796
21.569
21.569
21.569
21.569
21.569
15.312
15.312
15.312
15.312
15.312
14.882
14.882
14.882
14.882
14.882
16.413
16.413
16.413
