2649
115
74
88
79
3251
106
79
90
81
62
103
101
64
78
1287
235
160
75
60
58
95
84
63
81
66
66
236
78
68
72
130
123
1056
70
89
81
59
58
65
74
64
103
811
75
65
95
93
59
94
63
84
53
83
89
64
79
85
66
96
82
78
112
71
71
107
77
62
92
63
90
69
82
107
76
83
120
60
59
62
64
83
83
62
65
59
61
63
64
72
70
142
62
69
153
72
59
77
95
101
94
62
68
83
63
88
100
69
68
69
133
80
108
86
91
143
64
56
59
53
57
56
103
83
69
88
58
64
57
55
70
69
60
74
55
74
58
53
88
54
62
62
65
66
54
98
81
86
66
60
68
70
112
95
79
72
80
66
80
64
133
56
65
61
62
75
80
65
66
112
80
53
57
78
66
79
65
89
101
92
77
59
104
75
132
99
58
65
79
62
78
79
93
67
