0.0
0.0
0.0
0.0
0.0
63.805
63.805
63.805
63.805
63.805
54.233
54.233
54.233
54.233
54.233
38.344
38.344
38.344
100.0
100.0
100.0
100.0
100.0
100.0
100.0
97.625
97.625
97.625
97.625
97.625
29.987
29.987
29.987
29.987
29.987
34.207
34.207
34.207
34.207
34.207
34.277
34.277
34.277
34.277
34.277
28.013
28.013
28.013
28.013
28.013
27.115
27.115
27.115
27.115
27.115
21.645
21.645
21.645
21.645
21.645
27.417
27.417
27.417
27.417
27.417
29.98
29.98
29.98
29.98
29.98
24.545
24.545
24.545
24.545
24.545
29.795
29.795
29.795
29.795
29.795
30.938
30.938
30.938
30.938
30.938
38.61
38.61
38.61
38.61
38.61
28.408
28.408
28.408
28.408
28.408
20.807
20.807
20.807
20.807
20.807
26.711
26.711
26.711
26.711
26.711
30.66
30.66
30.66
30.66
30.66
27.259
27.259
27.259
27.259
27.259
31.092
31.092
31.092
31.092
31.092
32.076
32.076
32.076
32.076
32.076
29.227
29.227
29.227
29.227
29.227
23.969
23.969
23.969
23.969
23.969
31.422
31.422
31.422
31.422
31.422
24.164
24.164
24.164
24.164
24.164
29.175
29.175
29.175
29.175
29.175
24.461
24.461
24.461
24.461
24.461
25.858
25.858
25.858
25.858
25.858
26.508
26.508
26.508
26.508
26.508
30.196
30.196
30.196
30.196
30.196
34.527
34.527
34.527
34.527
34.527
22.213
22.213
22.213
22.213
22.213
25.922
25.922
25.922
25.922
25.922
26.679
26.679
26.679
26.679
26.679
25.022
25.022
25.022
25.022
25.022
26.254
26.254
26.254
26.254
26.254
25.043
25.043
25.043
25.043
25.043
26.043
26.043
26.043
26.043
26.043
27.792
27.792
27.792
27.792
27.792
22.674
22.674
22.674
22.674
22.674
24.705
24.705
24.705
24.705
24.705
28.455
28.455
28.455
28.455
28.455
31.551
31.551
31.551
31.551
31.551
27.246
27.246
27.246
27.246
27.246
20.676
20.676
20.676
20.676
20.676
27.858
27.858
27.858
27.858
27.858
25.659
25.659
25.659
25.659
25.659
21.069
21.069
21.069
21.069
21.069
31.018
31.018
31.018
31.018
31.018
23.012
23.012
23.012
23.012
23.012
34.198
34.198
34.198
34.198
34.198
32.807
32.807
32.807
32.807
32.807
28.473
28.473
28.473
28.473
28.473
24.757
24.757
24.757
24.757
24.757
53.918
53.918
53.918
53.918
53.918
24.162
24.162
24.162
24.162
24.162
