1219
1221
118
132
72
146
111
64
72
76
68
83
80
119
48
80
113
71
67
63
81
78
96
94
73
58
80
80
60
58
67
82
65
94
75
67
68
99
56
68
58
62
67
97
65
89
60
64
56
60
96
73
58
92
105
85
69
89
62
85
84
66
63
81
58
88
89
56
79
96
67
91
78
66
62
79
65
132
72
73
124
94
64
62
64
52
54
68
70
92
75
121
58
86
54
63
67
105
70
57
86
65
61
57
52
67
57
70
91
60
76
58
166
94
93
62
108
65
64
53
55
69
69
52
59
68
72
53
113
66
71
65
144
86
63
63
54
103
83
50
66
62
66
115
56
62
85
87
98
80
71
62
58
84
81
73
73
59
51
69
52
63
62
67
55
58
66
86
57
128
60
82
68
72
81
119
66
86
102
78
72
66
71
64
64
70
70
82
86
83
83
65
65
116
130
71
79
60
84
50
66
60
82
48
73
64
58
54
107
76
71
55
111
45
67
64
76
71
62
54
70
59
78
61
54
76
54
58
64
70
91
62
76
60
78
55
62
93
93
71
92
53
82
59
55
59
58
63
59
57
59
71
88
62
65
59
52
56
78
81
121
61
55
50
87
56
64
59
51
61
91
57
65
75
80
53
66
83
97
64
97
64
61
85
112
89
96
52
75
64
87
70
75
67
62
84
129
72
71
60
90
59
79
115
87
56
70
64
56
58
60
88
85
67
88
97
78
62
69
63
57
58
63
81
70
68
60
84
54
62
86
85
74
61
59
71
66
74
84
106
47
53
81
109
64
58
73
68
72
87
61
78
54
57
55
72
57
106
72
57
69
78
53
55
44
49
59
60
61
56
61
53
71
74
56
55
58
69
79
78
57
111
61
64
59
62
116
84
73
71
65
123
58
66
107
63
64
63
66
62
