100.0
100.0
100.0
100.0
100.0
60.383
60.383
60.383
60.383
60.383
24.771
24.771
24.771
24.771
24.771
24.405
24.405
24.405
24.405
24.405
19.45
19.45
19.45
19.45
19.45
17.657
17.657
17.657
17.657
17.657
21.523
21.523
21.523
21.523
21.523
17.3
17.3
17.3
17.3
17.3
20.993
20.993
20.993
20.993
20.993
24.704
24.704
24.704
24.704
24.704
24.963
24.963
24.963
24.963
24.963
26.112
26.112
26.112
26.112
26.112
25.806
25.806
25.806
25.806
25.806
23.286
23.286
23.286
23.286
23.286
16.69
16.69
16.69
16.69
16.69
23.474
23.474
23.474
23.474
23.474
24.626
24.626
24.626
24.626
24.626
22.151
22.151
22.151
22.151
22.151
24.742
24.742
24.742
24.742
24.742
20.078
20.078
20.078
20.078
20.078
17.957
17.957
17.957
17.957
17.957
26.319
26.319
26.319
26.319
26.319
20.324
20.324
20.324
20.324
20.324
18.19
18.19
18.19
18.19
18.19
23.173
23.173
23.173
23.173
23.173
16.979
16.979
16.979
16.979
16.979
25.235
25.235
25.235
25.235
25.235
23.254
23.254
23.254
23.254
23.254
16.174
16.174
16.174
16.174
16.174
19.479
19.479
19.479
19.479
19.479
20.762
20.762
20.762
20.762
20.762
47.079
47.079
47.079
47.079
47.079
20.03
20.03
20.03
20.03
20.03
21.532
21.532
21.532
21.532
21.532
26.545
26.545
26.545
26.545
26.545
25.257
25.257
25.257
25.257
25.257
26.888
26.888
26.888
26.888
26.888
23.054
23.054
23.054
23.054
23.054
20.324
20.324
20.324
20.324
20.324
19.294
19.294
19.294
19.294
19.294
26.307
26.307
26.307
26.307
26.307
23.846
23.846
23.846
23.846
23.846
20.31
20.31
20.31
20.31
20.31
17.12
17.12
17.12
17.12
17.12
23.226
23.226
23.226
23.226
23.226
21.098
21.098
21.098
21.098
21.098
21.6
21.6
21.6
21.6
21.6
16.765
16.765
16.765
16.765
16.765
20.008
20.008
20.008
20.008
20.008
13.934
13.934
13.934
13.934
13.934
20.509
20.509
20.509
20.509
20.509
18.267
18.267
18.267
18.267
18.267
24.757
24.757
24.757
24.757
24.757
22.165
22.165
22.165
22.165
22.165
19.976
19.976
19.976
19.976
19.976
18.832
18.832
18.832
18.832
18.832
35.295
35.295
35.295
35.295
35.295
16.232
16.232
16.232
16.232
16.232
25.891
25.891
25.891
25.891
25.891
15.616
15.616
15.616
15.616
15.616
21.123
21.123
21.123
21.123
21.123
16.151
16.151
16.151
16.151
16.151
16.825
16.825
16.825
16.825
16.825
18.549
18.549
18.549
18.549
18.549
21.036
21.036
21.036
21.036
21.036
19.016
19.016
19.016
19.016
19.016
18.798
18.798
18.798
18.798
18.798
22.39
22.39
22.39
22.39
22.39
22.997
22.997
22.997
22.997
22.997
16.175
16.175
16.175
16.175
16.175
16.786
16.786
16.786
16.786
16.786
22.654
22.654
22.654
22.654
22.654
21.072
21.072
21.072
21.072
21.072
24.432
24.432
24.432
24.432
24.432
19.269
19.269
19.269
19.269
19.269
18.593
18.593
18.593
18.593
18.593
20.088
20.088
20.088
20.088
20.088
20.082
20.082
20.082
20.082
20.082
23.987
23.987
23.987
23.987
23.987
21.232
21.232
21.232
21.232
21.232
24.128
24.128
24.128
24.128
24.128
15.427
15.427
15.427
15.427
15.427
22.098
22.098
22.098
22.098
22.098
24.745
24.745
24.745
24.745
24.745
15.184
15.184
15.184
15.184
15.184
23.842
23.842
23.842
23.842
23.842
27.669
27.669
27.669
27.669
27.669
19.907
19.907
19.907
19.907
19.907
45.773
45.773
45.773
45.773
45.773
21.612
21.612
21.612
21.612
21.612
22.257
22.257
22.257
22.257
22.257
26.405
26.405
26.405
26.405
26.405
23.539
23.539
23.539
23.539
23.539
18.746
18.746
18.746
18.746
18.746
19.034
19.034
19.034
19.034
19.034
18.684
18.684
18.684
18.684
18.684
25.581
25.581
25.581
25.581
25.581
18.633
18.633
18.633
18.633
18.633
19.893
19.893
19.893
19.893
19.893
29.151
29.151
29.151
29.151
29.151
15.133
15.133
15.133
15.133
15.133
23.26
23.26
23.26
23.26
23.26
18.075
18.075
18.075
18.075
18.075
17.449
17.449
17.449
17.449
17.449
20.213
20.213
20.213
20.213
20.213
21.428
21.428
21.428
21.428
21.428
21.131
21.131
21.131
21.131
21.131
29.902
29.902
29.902
29.902
29.902
21.051
21.051
21.051
21.051
21.051
20.069
20.069
20.069
20.069
20.069
22.101
22.101
22.101
22.101
22.101
20.503
20.503
20.503
20.503
20.503
23.048
23.048
23.048
23.048
23.048
27.513
27.513
27.513
27.513
27.513
16.828
16.828
16.828
16.828
16.828
23.419
23.419
23.419
23.419
23.419
21.031
21.031
21.031
21.031
21.031
35.291
35.291
35.291
