1225
108
108
130
98
99
92
61
80
104
90
189
101
114
81
103
104
108
61
65
90
69
85
66
82
74
81
65
78
61
81
69
81
71
94
61
70
55
60
127
62
82
68
87
60
71
82
76
76
58
86
63
66
92
76
58
54
96
60
79
54
63
98
63
76
63
60
77
63
63
71
90
81
92
80
152
64
78
94
53
68
52
52
110
99
67
59
58
121
78
57
59
67
68
68
60
56
56
107
62
80
62
64
54
64
98
60
64
77
56
53
65
59
50
59
70
56
94
57
52
119
61
68
75
79
65
63
72
53
81
83
63
59
56
93
62
79
86
64
56
75
62
56
67
81
99
68
63
84
62
63
65
66
87
115
100
68
59
100
68
68
97
60
86
56
136
78
109
61
63
67
77
73
67
62
62
62
56
84
61
60
58
68
89
57
70
52
52
66
69
78
74
64
79
61
66
67
88
54
85
80
67
126
105
99
69
67
62
73
98
61
97
85
54
56
66
85
70
83
51
51
60
61
55
74
81
70
83
74
81
90
74
67
57
55
58
69
73
53
77
63
52
103
57
67
87
53
53
82
74
84
67
62
93
79
88
65
81
70
51
63
57
84
77
66
55
76
61
74
72
73
60
71
50
68
117
60
78
62
66
85
85
56
62
49
69
69
58
82
56
70
51
74
56
55
77
92
53
68
48
61
61
78
60
53
84
55
60
65
71
123
82
60
68
51
65
53
67
57
79
73
51
81
73
83
73
105
84
67
60
60
59
53
89
60
71
84
91
55
62
47
53
59
145
59
87
51
112
100
53
106
69
44
50
63
94
48
55
59
63
53
55
43
69
77
60
80
52
75
54
50
53
65
60
59
45
60
59
58
130
55
72
46
51
60
81
71
77
79
68
59
65
104
53
56
67
91
116
69
66
