0.0
0.0
0.0
0.0
0.0
17.964
17.964
17.964
17.964
17.964
20.372
20.372
20.372
20.372
20.372
13.193
13.193
13.193
13.193
13.193
22.629
22.629
22.629
22.629
22.629
21.278
21.278
21.278
21.278
21.278
30.757
30.757
30.757
30.757
30.757
26.055
26.055
26.055
26.055
26.055
27.272
27.272
27.272
27.272
27.272
23.838
23.838
23.838
23.838
23.838
19.007
19.007
19.007
19.007
19.007
26.095
26.095
26.095
26.095
26.095
23.231
23.231
23.231
23.231
23.231
26.521
26.521
26.521
26.521
26.521
20.98
20.98
20.98
20.98
20.98
18.12
18.12
18.12
18.12
18.12
19.026
19.026
19.026
19.026
19.026
13.275
13.275
13.275
13.275
13.275
15.704
15.704
15.704
15.704
15.704
26.382
26.382
26.382
26.382
26.382
12.445
12.445
12.445
12.445
12.445
14.949
14.949
14.949
14.949
14.949
16.14
16.14
16.14
16.14
16.14
16.946
16.946
16.946
16.946
16.946
23.622
23.622
23.622
23.622
23.622
19.463
19.463
19.463
19.463
19.463
18.402
18.402
18.402
18.402
18.402
36.898
36.898
36.898
36.898
36.898
32.39
32.39
32.39
32.39
32.39
26.242
26.242
26.242
26.242
26.242
8.262
8.262
8.262
8.262
8.262
15.974
15.974
15.974
15.974
15.974
16.455
16.455
16.455
16.455
16.455
17.571
17.571
17.571
17.571
17.571
29.534
29.534
29.534
29.534
29.534
32.988
32.988
32.988
32.988
32.988
19.286
19.286
19.286
19.286
19.286
15.151
15.151
15.151
15.151
15.151
15.312
15.312
15.312
15.312
15.312
9.618
9.618
9.618
9.618
9.618
20.187
20.187
20.187
20.187
20.187
15.146
15.146
15.146
15.146
15.146
15.916
15.916
15.916
15.916
15.916
13.783
13.783
13.783
13.783
13.783
17.441
17.441
17.441
17.441
17.441
18.825
18.825
18.825
18.825
18.825
