3412
114
134
175
105
136
132
112
94
104
132
134
86
79
139
122
163
90
78
87
89
74
69
106
84
85
95
98
127
90
104
95
76
94
82
72
75
83
85
93
96
109
94
77
101
103
76
115
115
85
77
74
66
77
135
77
83
81
121
179
79
72
93
76
97
121
66
99
63
94
80
147
61
78
151
91
85
72
78
64
74
85
104
152
66
79
147
69
114
68
84
59
86
83
88
71
134
75
76
59
84
80
100
70
156
123
105
112
71
71
90
77
78
63
93
84
81
95
82
95
78
107
96
114
72
76
133
83
87
62
59
77
74
103
91
64
76
86
82
63
81
90
89
90
64
70
68
69
74
66
68
90
95
114
76
67
89
104
64
79
94
105
108
82
191
85
113
90
92
64
77
67
61
89
67
60
63
88
99
64
113
71
86
70
145
84
69
105
106
132
71
71
72
75
79
135
58
73
64
72
