0.0
0.0
0.0
0.0
0.0
55.259
55.259
55.259
55.259
55.259
17.955
17.955
17.955
17.955
17.955
26.552
26.552
26.552
26.552
26.552
19.51
19.51
19.51
19.51
19.51
27.015
27.015
27.015
27.015
27.015
45.191
45.191
45.191
45.191
45.191
20.646
20.646
20.646
20.646
20.646
22.646
22.646
22.646
22.646
22.646
20.744
20.744
20.744
20.744
20.744
22.282
22.282
22.282
22.282
22.282
21.546
21.546
21.546
21.546
21.546
19.767
19.767
19.767
19.767
19.767
20.692
20.692
20.692
20.692
20.692
24.953
24.953
24.953
24.953
24.953
16.944
16.944
16.944
16.944
16.944
21.908
21.908
21.908
21.908
21.908
19.026
19.026
19.026
19.026
19.026
19.487
19.487
19.487
19.487
19.487
17.37
17.37
17.37
17.37
17.37
25.62
25.62
25.62
25.62
25.62
23.137
23.137
23.137
23.137
23.137
21.623
21.623
21.623
21.623
21.623
17.838
17.838
17.838
17.838
17.838
19.652
19.652
19.652
19.652
19.652
23.284
23.284
23.284
23.284
23.284
19.896
19.896
19.896
19.896
19.896
24.398
24.398
24.398
24.398
24.398
25.076
25.076
25.076
25.076
25.076
17.886
17.886
17.886
17.886
17.886
17.842
17.842
17.842
17.842
17.842
17.246
17.246
17.246
17.246
17.246
21.22
21.22
21.22
21.22
21.22
22.262
22.262
22.262
22.262
22.262
16.258
16.258
16.258
16.258
16.258
17.801
17.801
17.801
17.801
17.801
22.373
22.373
22.373
22.373
22.373
21.22
21.22
21.22
21.22
21.22
19.875
19.875
19.875
19.875
19.875
24.044
24.044
24.044
24.044
24.044
16.807
16.807
16.807
16.807
16.807
22.889
22.889
22.889
22.889
22.889
21.047
21.047
21.047
21.047
21.047
18.555
18.555
18.555
18.555
18.555
25.332
25.332
25.332
25.332
25.332
20.922
20.922
20.922
20.922
20.922
17.331
17.331
17.331
17.331
17.331
15.908
15.908
15.908
15.908
15.908
18.994
18.994
18.994
18.994
18.994
18.987
18.987
18.987
18.987
18.987
17.563
17.563
17.563
17.563
17.563
17.585
17.585
17.585
17.585
17.585
23.758
23.758
23.758
23.758
23.758
23.729
23.729
23.729
23.729
23.729
16.414
16.414
16.414
16.414
16.414
18.664
18.664
18.664
18.664
18.664
15.894
15.894
15.894
15.894
15.894
18.727
18.727
18.727
18.727
18.727
18.536
18.536
18.536
18.536
18.536
24.41
24.41
24.41
24.41
24.41
21.098
21.098
21.098
21.098
21.098
27.281
27.281
27.281
27.281
27.281
16.799
16.799
16.799
16.799
16.799
38.601
38.601
38.601
38.601
38.601
17.151
17.151
17.151
17.151
17.151
20.849
20.849
20.849
20.849
20.849
12.591
12.591
12.591
12.591
12.591
19.426
19.426
19.426
19.426
19.426
21.357
21.357
21.357
21.357
21.357
21.133
21.133
21.133
21.133
21.133
16.979
16.979
16.979
16.979
16.979
23.184
23.184
23.184
23.184
23.184
21.761
21.761
21.761
21.761
21.761
18.739
18.739
18.739
18.739
18.739
25.982
25.982
25.982
25.982
25.982
29.015
29.015
29.015
29.015
29.015
15.986
15.986
15.986
15.986
15.986
24.56
24.56
24.56
24.56
24.56
20.79
20.79
20.79
20.79
20.79
19.603
19.603
19.603
19.603
19.603
21.03
21.03
21.03
21.03
21.03
18.144
18.144
18.144
18.144
18.144
20.324
20.324
20.324
20.324
20.324
24.565
24.565
24.565
24.565
24.565
19.336
19.336
19.336
19.336
19.336
21.104
21.104
21.104
21.104
21.104
16.618
16.618
16.618
16.618
16.618
21.509
21.509
21.509
21.509
21.509
20.931
20.931
20.931
20.931
20.931
14.617
14.617
14.617
14.617
14.617
14.626
14.626
14.626
14.626
14.626
19.15
19.15
19.15
19.15
19.15
19.701
19.701
19.701
19.701
19.701
21.208
21.208
21.208
21.208
21.208
20.995
20.995
20.995
20.995
20.995
20.8
20.8
20.8
20.8
20.8
18.539
18.539
18.539
18.539
18.539
23.588
23.588
23.588
23.588
23.588
22.21
22.21
22.21
22.21
22.21
17.559
17.559
17.559
17.559
17.559
26.495
26.495
26.495
26.495
26.495
25.404
25.404
25.404
25.404
25.404
26.716
26.716
26.716
26.716
26.716
15.521
15.521
15.521
15.521
15.521
19.947
19.947
19.947
19.947
19.947
16.836
16.836
16.836
16.836
16.836
24.365
24.365
24.365
24.365
24.365
20.263
20.263
20.263
20.263
20.263
29.903
29.903
29.903
29.903
29.903
38.75
38.75
38.75
38.75
69.646
69.646
69.646
69.646
69.646
16.288
16.288
16.288
16.288
16.288
18.63
18.63
18.63
18.63
18.63
21.031
21.031
21.031
21.031
21.031
18.381
18.381
18.381
18.381
18.381
19.909
19.909
19.909
19.909
19.909
19.724
19.724
19.724
19.724
19.724
15.576
15.576
15.576
15.576
15.576
19.271
19.271
19.271
19.271
19.271
17.045
17.045
17.045
17.045
17.045
38.717
38.717
38.717
38.717
38.717
15.701
15.701
15.701
15.701
15.701
24.036
24.036
24.036
24.036
24.036
24.327
24.327
24.327
24.327
24.327
26.233
26.233
26.233
26.233
26.233
15.531
15.531
15.531
15.531
15.531
17.644
17.644
17.644
17.644
