1342
148
105
103
96
66
102
74
83
60
69
69
65
69
94
134
85
71
67
65
85
64
70
111
74
79
70
83
72
79
71
93
117
78
72
77
69
75
117
75
115
86
69
90
57
77
80
68
83
92
93
96
85
101
73
77
107
107
63
75
65
84
85
69
63
67
69
67
150
91
73
111
84
81
89
65
71
71
68
72
58
84
157
123
87
82
77
74
124
65
114
83
112
70
70
106
92
70
82
120
66
65
102
145
72
83
95
82
73
95
156
85
72
87
67
64
64
64
100
99
108
68
68
68
56
130
79
75
69
72
66
96
71
68
86
64
76
114
64
63
83
83
73
74
97
71
67
94
114
101
84
86
74
101
93
77
123
77
69
96
76
61
60
54
140
79
75
78
72
54
88
78
70
76
98
79
81
70
101
104
71
90
62
65
60
94
77
77
61
72
96
54
71
65
64
101
107
71
58
112
154
109
73
65
150
102
64
112
68
93
68
82
83
90
60
88
63
116
85
74
68
64
63
62
103
60
64
79
72
70
92
71
76
64
67
71
67
121
77
65
68
68
66
96
120
115
72
92
88
66
71
57
113
81
79
58
74
60
63
74
58
84
85
107
99
59
79
65
70
116
77
57
55
53
66
63
55
65
102
127
80
61
56
75
99
68
65
74
92
79
65
110
78
119
113
73
90
79
154
72
66
66
66
105
89
85
63
178
75
82
84
104
83
85
59
58
84
86
91
69
65
69
65
84
76
67
88
81
64
66
80
65
116
59
72
74
121
83
69
78
88
67
79
79
68
75
119
86
65
83
96
60
82
96
83
73
97
86
79
68
164
66
62
100
162
141
92
59
99
84
81
119
100
106
62
81
82
69
75
89
75
64
62
67
93
77
70
60
73
84
112
115
55
66
80
83
102
123
66
85
