0.0
0.0
0.0
0.0
0.0
55.695
55.695
55.695
55.695
55.695
22.752
22.752
22.752
22.752
22.752
29.288
29.288
29.288
29.288
29.288
20.493
20.493
20.493
20.493
20.493
21.606
21.606
21.606
21.606
21.606
21.351
21.351
21.351
21.351
21.351
23.1
23.1
23.1
23.1
23.1
19.324
19.324
19.324
19.324
19.324
26.444
26.444
26.444
26.444
26.444
28.597
28.597
28.597
28.597
28.597
23.833
23.833
23.833
23.833
23.833
26.786
26.786
26.786
26.786
26.786
26.555
26.555
26.555
26.555
26.555
20.412
20.412
20.412
20.412
20.412
27.025
27.025
27.025
27.025
27.025
21.596
21.596
21.596
21.596
21.596
25.355
25.355
25.355
25.355
25.355
25.339
25.339
25.339
25.339
25.339
18.982
18.982
18.982
18.982
18.982
22.518
22.518
22.518
22.518
22.518
30.643
30.643
30.643
30.643
30.643
25.438
25.438
25.438
25.438
25.438
44.423
44.423
44.423
44.423
44.423
27.22
27.22
27.22
27.22
27.22
21.691
21.691
21.691
21.691
21.691
28.241
28.241
28.241
28.241
28.241
26.216
26.216
26.216
26.216
26.216
23.254
23.254
23.254
23.254
23.254
23.117
23.117
23.117
23.117
23.117
26.12
26.12
26.12
26.12
26.12
20.754
20.754
20.754
20.754
20.754
20.8
20.8
20.8
20.8
20.8
19.408
19.408
19.408
19.408
19.408
21.368
21.368
21.368
21.368
21.368
25.406
25.406
25.406
25.406
25.406
22.918
22.918
22.918
22.918
22.918
28.935
28.935
28.935
28.935
28.935
26.186
26.186
26.186
26.186
26.186
19.432
19.432
19.432
19.432
19.432
26.697
26.697
26.697
26.697
26.697
20.463
20.463
20.463
20.463
20.463
24.974
24.974
24.974
24.974
24.974
27.384
27.384
27.384
27.384
27.384
41.582
41.582
41.582
41.582
41.582
22.55
22.55
22.55
22.55
22.55
22.704
22.704
22.704
22.704
22.704
32.724
32.724
32.724
32.724
32.724
22.67
22.67
22.67
22.67
22.67
17.861
17.861
17.861
17.861
17.861
21.142
21.142
21.142
21.142
21.142
21.686
21.686
21.686
21.686
21.686
21.132
21.132
21.132
21.132
21.132
28.652
28.652
28.652
28.652
28.652
22.993
22.993
22.993
22.993
22.993
20.494
20.494
20.494
20.494
20.494
18.694
18.694
18.694
18.694
18.694
20.012
20.012
20.012
20.012
20.012
25.791
25.791
25.791
25.791
25.791
19.88
19.88
19.88
19.88
19.88
21.471
21.471
21.471
21.471
21.471
27.445
27.445
27.445
27.445
27.445
16.588
16.588
16.588
16.588
16.588
21.298
21.298
21.298
21.298
21.298
17.06
17.06
17.06
17.06
17.06
22.151
22.151
22.151
22.151
22.151
20.97
20.97
20.97
20.97
20.97
15.993
15.993
15.993
15.993
15.993
18.852
18.852
18.852
18.852
18.852
19.913
19.913
19.913
19.913
19.913
23.05
23.05
23.05
23.05
23.05
21.285
21.285
21.285
21.285
21.285
16.117
16.117
16.117
16.117
16.117
25.642
25.642
25.642
25.642
25.642
20.122
20.122
20.122
20.122
20.122
22.083
22.083
22.083
22.083
22.083
23.706
23.706
23.706
23.706
23.706
24.721
24.721
24.721
24.721
24.721
16.801
16.801
16.801
16.801
16.801
17.607
17.607
17.607
17.607
17.607
21.309
21.309
21.309
21.309
21.309
17.854
17.854
17.854
17.854
17.854
20.232
20.232
20.232
20.232
20.232
25.259
25.259
25.259
25.259
25.259
19.924
19.924
19.924
19.924
19.924
22.84
22.84
22.84
22.84
22.84
20.455
20.455
20.455
20.455
20.455
32.014
32.014
32.014
32.014
32.014
17.239
17.239
17.239
17.239
17.239
28.086
28.086
28.086
28.086
28.086
18.876
18.876
18.876
18.876
18.876
20.53
20.53
20.53
20.53
20.53
20.076
20.076
20.076
20.076
20.076
17.855
17.855
17.855
17.855
17.855
23.433
23.433
23.433
23.433
23.433
19.703
19.703
19.703
19.703
19.703
26.243
26.243
26.243
26.243
26.243
20.231
20.231
20.231
20.231
20.231
19.14
19.14
19.14
19.14
19.14
22.55
22.55
22.55
22.55
22.55
31.383
31.383
31.383
31.383
31.383
36.389
36.389
36.389
36.389
36.389
19.603
19.603
19.603
19.603
19.603
24.882
24.882
24.882
24.882
24.882
16.956
16.956
16.956
16.956
16.956
15.815
15.815
15.815
15.815
15.815
21.414
21.414
21.414
21.414
21.414
24.104
24.104
24.104
24.104
24.104
17.517
17.517
17.517
17.517
17.517
22.055
22.055
22.055
22.055
22.055
17.757
17.757
17.757
17.757
17.757
25.919
25.919
25.919
25.919
25.919
24.077
24.077
24.077
24.077
24.077
30.537
30.537
30.537
30.537
30.537
19.717
19.717
19.717
19.717
19.717
18.043
18.043
18.043
18.043
18.043
18.743
18.743
18.743
18.743
18.743
21.207
21.207
21.207
21.207
21.207
21.036
21.036
