1216
108
88
59
77
65
189
73
83
78
63
60
104
81
54
155
55
55
70
93
88
70
90
91
68
91
75
78
74
91
55
63
66
63
78
80
73
61
79
59
68
55
84
50
65
57
78
60
64
50
103
79
62
54
73
200
78
60
79
58
86
59
74
54
54
77
50
86
90
88
64
54
112
68
82
62
138
70
54
57
68
96
76
70
59
64
78
62
52
57
49
87
79
58
71
88
62
76
59
70
62
135
76
61
75
55
115
109
69
61
66
61
53
92
46
50
58
63
59
79
67
74
64
66
61
73
57
68
66
64
75
62
76
73
91
52
77
73
80
49
65
68
50
74
111
82
59
74
66
54
69
62
63
72
59
63
61
66
58
61
53
54
93
59
64
66
63
99
57
85
112
49
67
82
72
67
111
56
64
86
62
66
85
99
91
56
59
84
48
53
74
74
65
48
55
45
75
50
96
55
67
46
107
67
47
55
66
57
58
79
83
79
85
57
65
78
74
123
93
46
78
61
73
131
85
61
80
54
64
74
77
91
57
74
57
70
80
86
59
61
83
69
63
53
72
83
105
69
53
60
53
76
55
60
98
50
75
68
75
55
64
73
53
75
53
60
69
69
70
71
72
71
86
55
57
62
64
72
83
63
66
61
74
82
57
65
49
70
71
71
59
76
61
55
59
81
62
54
59
76
92
87
80
89
83
69
65
135
125
87
56
70
95
54
130
59
68
57
165
64
65
96
52
65
82
58
62
54
53
83
84
84
69
51
67
71
72
54
55
79
102
71
61
64
51
61
63
89
70
60
43
85
86
68
65
70
82
67
104
53
67
62
86
62
72
68
71
64
46
128
56
65
61
62
61
61
56
76
79
56
78
64
80
77
59
94
85
52
82
73
55
112
60
62
83
75
57
59
47
63
