100.0
100.0
100.0
100.0
100.0
25.593
25.593
25.593
25.593
25.593
29.115
29.115
29.115
29.115
29.115
20.828
20.828
20.828
20.828
20.828
30.41
30.41
30.41
30.41
30.41
22.929
22.929
22.929
22.929
22.929
21.576
21.576
21.576
21.576
21.576
17.955
17.955
17.955
17.955
17.955
15.114
15.114
15.114
15.114
15.114
23.382
23.382
23.382
23.382
23.382
30.535
30.535
30.535
30.535
30.535
25.628
25.628
25.628
25.628
25.628
17.645
17.645
17.645
17.645
17.645
29.925
29.925
29.925
29.925
29.925
12.943
12.943
12.943
12.943
12.943
22.626
22.626
22.626
22.626
22.626
11.191
11.191
11.191
11.191
11.191
17.042
17.042
17.042
17.042
17.042
17.77
17.77
17.77
17.77
17.77
19.175
19.175
19.175
19.175
19.175
19.622
19.622
19.622
19.622
19.622
16.142
16.142
16.142
16.142
16.142
21.124
21.124
21.124
21.124
21.124
26.992
26.992
26.992
26.992
26.992
15.719
15.719
15.719
15.719
15.719
19.312
19.312
19.312
19.312
19.312
34.769
34.769
34.769
34.769
34.769
19.319
19.319
19.319
19.319
19.319
19.614
19.614
19.614
19.614
19.614
30.406
30.406
30.406
30.406
30.406
16.297
16.297
16.297
16.297
16.297
15.788
15.788
15.788
15.788
15.788
21.417
21.417
21.417
21.417
21.417
19.756
19.756
19.756
19.756
19.756
22.01
22.01
22.01
22.01
22.01
28.141
28.141
28.141
28.141
28.141
18.652
18.652
18.652
18.652
18.652
10.209
10.209
10.209
10.209
10.209
20.347
20.347
20.347
20.347
20.347
22.172
22.172
22.172
22.172
22.172
16.241
16.241
16.241
16.241
16.241
18.289
18.289
18.289
18.289
18.289
25.851
25.851
25.851
25.851
25.851
17.601
17.601
17.601
17.601
17.601
18.657
18.657
18.657
18.657
18.657
6.55
6.55
6.55
6.55
6.55
26.181
26.181
26.181
26.181
26.181
40.373
40.373
40.373
40.373
40.373
28.003
28.003
28.003
28.003
28.003
18.898
18.898
18.898
18.898
18.898
17.761
17.761
17.761
17.761
17.761
22.476
22.476
22.476
22.476
22.476
22.833
22.833
22.833
22.833
22.833
18.047
18.047
18.047
18.047
18.047
25.993
25.993
25.993
25.993
25.993
9.858
9.858
9.858
9.858
9.858
15.746
15.746
15.746
15.746
15.746
20.797
20.797
20.797
20.797
20.797
20.12
20.12
20.12
20.12
20.12
19.078
19.078
19.078
19.078
19.078
18.967
18.967
18.967
18.967
18.967
23.409
23.409
23.409
23.409
23.409
13.784
13.784
13.784
13.784
13.784
22.628
22.628
22.628
22.628
22.628
15.744
15.744
15.744
15.744
15.744
12.092
12.092
12.092
12.092
12.092
12.26
12.26
12.26
12.26
12.26
19.599
19.599
19.599
19.599
19.599
18.654
18.654
18.654
18.654
18.654
14.812
14.812
14.812
14.812
14.812
20.653
20.653
20.653
20.653
20.653
12.203
12.203
12.203
12.203
12.203
18.97
18.97
18.97
18.97
18.97
14.818
14.818
14.818
14.818
14.818
17.319
17.319
17.319
17.319
17.319
15.15
15.15
15.15
15.15
15.15
11.081
11.081
11.081
11.081
11.081
14.378
14.378
14.378
14.378
14.378
7.182
7.182
7.182
7.182
7.182
17.884
17.884
17.884
17.884
17.884
20.029
20.029
20.029
20.029
20.029
18.492
18.492
18.492
18.492
18.492
16.677
16.677
16.677
16.677
16.677
12.856
12.856
12.856
12.856
12.856
21.17
21.17
21.17
21.17
21.17
14.793
14.793
14.793
14.793
14.793
24.317
24.317
24.317
24.317
24.317
12.685
12.685
12.685
12.685
12.685
10.975
10.975
10.975
10.975
10.975
