2897
123
105
123
84
154
95
113
79
124
86
91
88
76
68
144
98
107
92
87
91
109
140
93
131
70
71
75
97
72
166
89
111
157
93
78
98
91
122
87
79
74
75
135
88
84
149
98
103
63
97
66
77
141
89
96
86
103
124
80
129
127
100
136
72
82
171
83
89
61
133
66
72
85
78
90
147
98
85
98
79
69
70
69
67
99
119
64
99
79
73
82
108
78
101
74
113
96
83
104
97
100
73
99
74
77
132
90
61
69
84
74
75
109
68
79
76
70
70
89
94
93
68
79
88
208
107
72
108
71
118
96
54
72
61
104
65
63
121
75
91
58
103
51
70
67
68
65
67
104
63
114
59
66
109
81
71
144
86
91
62
57
83
74
102
80
69
75
140
62
86
130
101
67
81
87
80
97
58
91
88
93
62
80
110
74
80
70
101
91
102
68
79
90
144
100
102
61
121
82
65
73
82
64
92
65
58
70
59
116
58
88
53
130
64
73
160
86
58
60
58
83
74
79
118
69
64
65
126
67
66
66
112
92
62
58
80
104
86
93
87
132
59
73
74
77
70
62
59
55
57
92
71
86
93
80
80
82
111
59
128
94
80
73
68
72
63
76
89
84
120
61
85
83
67
147
98
88
64
90
103
68
84
72
111
80
121
110
64
140
74
91
143
74
103
84
82
79
82
71
55
89
97
52
64
64
83
78
52
75
173
114
77
59
59
62
59
81
96
56
80
76
93
62
90
116
61
79
55
62
105
67
110
79
125
118
66
102
108
70
146
105
133
63
103
73
91
105
79
99
91
94
78
95
72
68
95
153
82
68
75
70
102
80
78
64
62
67
82
121
82
106
57
76
92
114
62
76
63
75
62
75
90
93
75
69
66
74
78
91
67
58
94
93
76
58
84
71
56
