0.0
0.0
0.0
0.0
0.0
60.112
60.112
60.112
60.112
60.112
24.064
24.064
24.064
24.064
24.064
14.826
14.826
14.826
14.826
14.826
24.592
24.592
24.592
24.592
24.592
15.617
15.617
15.617
15.617
15.617
18.433
18.433
18.433
18.433
18.433
16.186
16.186
16.186
16.186
16.186
27.629
27.629
27.629
27.629
27.629
38.398
38.398
38.398
38.398
38.398
19.116
19.116
19.116
19.116
19.116
26.999
26.999
26.999
26.999
26.999
17.975
17.975
17.975
17.975
17.975
21.192
21.192
21.192
21.192
21.192
17.155
17.155
17.155
17.155
17.155
22.085
22.085
22.085
22.085
22.085
25.241
25.241
25.241
25.241
25.241
15.036
15.036
15.036
15.036
15.036
21.17
21.17
21.17
21.17
21.17
25.918
25.918
25.918
25.918
25.918
20.201
20.201
20.201
20.201
20.201
21.95
21.95
21.95
21.95
21.95
14.364
14.364
14.364
14.364
14.364
41.586
41.586
41.586
41.586
41.586
23.583
23.583
23.583
23.583
23.583
26.054
26.054
26.054
26.054
26.054
18.706
18.706
18.706
18.706
18.706
16.692
16.692
