0.0
0.0
0.0
0.0
0.0
52.783
52.783
52.783
52.783
52.783
16.618
16.618
16.618
16.618
16.618
22.588
22.588
22.588
22.588
22.588
30.376
30.376
30.376
30.376
30.376
30.611
30.611
30.611
30.611
30.611
30.347
30.347
30.347
30.347
30.347
38.609
38.609
38.609
38.609
38.609
25.236
25.236
25.236
25.236
25.236
33.566
33.566
33.566
33.566
33.566
31.461
31.461
31.461
31.461
31.461
55.359
55.359
55.359
55.359
55.359
65.279
65.279
65.279
65.279
65.279
21.806
21.806
21.806
21.806
21.806
27.308
27.308
27.308
27.308
27.308
21.675
21.675
21.675
21.675
21.675
49.789
49.789
49.789
49.789
49.789
56.357
56.357
56.357
56.357
56.357
67.755
67.755
67.755
67.755
67.755
30.01
30.01
30.01
30.01
30.01
22.95
22.95
22.95
22.95
22.95
21.415
21.415
21.415
21.415
21.415
37.251
37.251
37.251
37.251
37.251
43.408
43.408
43.408
43.408
43.408
39.269
39.269
39.269
39.269
39.269
42.247
42.247
42.247
42.247
42.247
18.822
18.822
18.822
18.822
18.822
16.995
16.995
16.995
16.995
16.995
24.456
24.456
24.456
24.456
24.456
20.782
20.782
20.782
20.782
20.782
21.699
21.699
21.699
21.699
21.699
25.684
25.684
25.684
25.684
25.684
26.676
26.676
26.676
26.676
26.676
29.012
29.012
29.012
29.012
29.012
22.57
22.57
22.57
22.57
22.57
22.389
22.389
22.389
22.389
22.389
24.103
24.103
24.103
24.103
24.103
31.295
31.295
31.295
31.295
31.295
24.165
24.165
24.165
24.165
24.165
23.046
23.046
23.046
23.046
23.046
23.785
23.785
23.785
23.785
23.785
21.532
21.532
21.532
21.532
21.532
28.79
28.79
28.79
28.79
28.79
23.413
23.413
23.413
23.413
23.413
36.525
36.525
36.525
36.525
36.525
24.464
24.464
24.464
24.464
24.464
23.689
23.689
23.689
23.689
23.689
16.195
16.195
16.195
16.195
16.195
28.445
28.445
28.445
28.445
28.445
23.48
23.48
23.48
23.48
23.48
19.033
19.033
19.033
19.033
19.033
21.455
21.455
21.455
21.455
21.455
15.203
15.203
15.203
15.203
15.203
27.063
27.063
27.063
27.063
27.063
22.767
22.767
22.767
22.767
22.767
23.526
23.526
23.526
23.526
23.526
37.247
37.247
37.247
37.247
37.247
19.722
19.722
19.722
19.722
19.722
27.856
27.856
27.856
27.856
27.856
19.956
19.956
19.956
19.956
19.956
17.832
17.832
17.832
17.832
17.832
17.517
17.517
17.517
17.517
17.517
19.86
19.86
19.86
19.86
19.86
20.551
20.551
20.551
20.551
20.551
17.931
17.931
17.931
17.931
17.931
16.908
16.908
16.908
16.908
16.908
17.726
17.726
17.726
17.726
17.726
15.72
15.72
15.72
15.72
15.72
23.269
23.269
23.269
23.269
23.269
31.234
31.234
31.234
31.234
31.234
18.026
18.026
18.026
18.026
18.026
24.34
24.34
24.34
24.34
24.34
24.034
24.034
24.034
24.034
24.034
15.049
15.049
15.049
15.049
15.049
19.734
19.734
19.734
19.734
19.734
21.652
21.652
21.652
21.652
21.652
21.258
21.258
21.258
21.258
21.258
17.172
17.172
17.172
17.172
17.172
19.674
19.674
19.674
19.674
19.674
22.312
22.312
22.312
22.312
22.312
23.265
23.265
23.265
23.265
23.265
23.555
23.555
23.555
23.555
23.555
33.327
33.327
33.327
33.327
33.327
23.526
23.526
23.526
23.526
23.526
18.075
18.075
18.075
18.075
18.075
25.136
25.136
25.136
25.136
25.136
18.346
18.346
18.346
18.346
18.346
16.416
16.416
16.416
16.416
16.416
70.365
70.365
70.365
100.0
100.0
100.0
100.0
53.898
53.898
53.898
53.898
53.898
17.947
17.947
17.947
17.947
17.947
24.143
24.143
24.143
24.143
24.143
30.577
30.577
30.577
30.577
30.577
19.715
19.715
19.715
19.715
19.715
23.436
23.436
23.436
23.436
23.436
25.044
25.044
25.044
25.044
25.044
24.412
24.412
24.412
24.412
24.412
22.859
22.859
22.859
22.859
22.859
24.616
24.616
24.616
24.616
24.616
25.325
25.325
25.325
25.325
25.325
21.743
21.743
21.743
21.743
21.743
26.207
26.207
26.207
26.207
26.207
20.813
20.813
20.813
20.813
20.813
18.893
18.893
18.893
18.893
18.893
16.95
16.95
16.95
16.95
16.95
29.256
29.256
29.256
29.256
29.256
14.717
14.717
14.717
14.717
14.717
30.876
30.876
30.876
30.876
30.876
22.02
22.02
22.02
22.02
22.02
16.115
16.115
16.115
16.115
16.115
16.142
16.142
16.142
16.142
16.142
32.626
32.626
32.626
32.626
32.626
23.941
23.941
23.941
23.941
23.941
24.923
24.923
24.923
24.923
24.923
25.79
25.79
25.79
25.79
25.79
15.013
15.013
15.013
15.013
15.013
21.475
21.475
21.475
21.475
21.475
23.232
23.232
23.232
23.232
23.232
17.117
17.117
17.117
17.117
17.117
23.736
23.736
23.736
23.736
23.736
24.151
