1379
115
98
81
2010
88
90
81
127
70
77
68
83
839
82
67
91
71
182
73
72
133
109
72
99
62
103
97
77
70
123
70
105
54
70
55
64
98
69
83
61
61
131
56
86
65
95
55
59
78
91
78
78
52
82
60
57
70
78
73
74
102
67
61
74
54
75
56
74
69
67
59
69
88
118
67
89
91
94
79
59
72
69
68
66
57
60
86
64
78
117
58
73
76
62
118
86
97
89
67
89
54
78
75
62
83
90
70
77
111
82
63
61
77
79
75
61
56
70
93
70
65
71
58
75
102
64
72
84
81
129
99
71
60
77
71
77
75
76
55
110
98
96
59
66
60
74
102
72
52
78
78
122
64
59
69
88
60
57
74
60
70
59
76
59
90
90
93
83
53
61
98
73
74
122
76
88
68
71
71
114
76
68
94
70
115
102
68
65
70
186
62
72
64
113
65
68
68
135
69
64
66
92
67
68
57
63
78
114
85
60
75
78
58
125
81
61
128
67
90
94
106
51
99
58
61
76
92
63
74
108
87
77
68
73
67
124
70
76
64
66
109
163
74
113
70
63
63
113
56
68
82
122
83
112
87
75
57
92
60
79
90
66
85
86
82
93
67
67
74
62
56
63
117
52
64
78
61
67
77
74
59
65
86
71
82
108
79
91
67
68
82
69
65
70
94
73
83
79
56
74
57
72
94
74
89
65
81
61
63
67
84
106
68
60
85
61
78
66
64
73
67
60
86
104
59
69
68
64
72
65
72
91
94
80
66
64
52
82
71
60
62
106
86
90
140
87
126
71
61
75
87
107
76
71
84
80
75
95
90
176
71
64
81
133
79
69
82
112
58
69
67
64
61
61
116
61
144
63
81
75
63
95
98
66
68
64
95
92
78
69
100
64
59
72
57
