0.0
0.0
0.0
0.0
0.0
54.046
54.046
54.046
54.046
54.046
35.554
35.554
35.554
35.554
35.554
28.47
28.47
28.47
28.47
28.47
26.005
26.005
26.005
26.005
26.005
30.931
30.931
30.931
30.931
30.931
29.39
29.39
29.39
29.39
29.39
48.864
48.864
48.864
48.864
48.864
28.779
28.779
28.779
28.779
28.779
34.05
34.05
34.05
34.05
34.05
38.364
38.364
38.364
38.364
38.364
37.628
37.628
37.628
37.628
37.628
23.86
23.86
23.86
23.86
23.86
25.185
25.185
25.185
25.185
25.185
28.599
28.599
28.599
28.599
28.599
32.604
32.604
32.604
32.604
32.604
31.718
31.718
31.718
31.718
31.718
31.939
31.939
31.939
31.939
31.939
42.386
42.386
42.386
42.386
42.386
35.765
35.765
35.765
35.765
35.765
36.019
36.019
36.019
36.019
36.019
28.596
28.596
28.596
28.596
28.596
32.456
32.456
32.456
32.456
32.456
24.433
24.433
24.433
24.433
24.433
28.359
28.359
28.359
28.359
28.359
37.98
37.98
37.98
37.98
37.98
26.343
26.343
26.343
26.343
26.343
28.806
28.806
28.806
28.806
28.806
24.98
24.98
24.98
24.98
24.98
27.795
27.795
27.795
27.795
27.795
41.668
41.668
41.668
41.668
41.668
36.243
36.243
36.243
36.243
36.243
34.061
34.061
34.061
34.061
34.061
40.192
40.192
40.192
40.192
40.192
27.56
27.56
27.56
27.56
27.56
36.901
36.901
36.901
36.901
36.901
44.103
44.103
44.103
44.103
44.103
36.271
36.271
36.271
36.271
36.271
36.879
36.879
36.879
36.879
36.879
28.252
28.252
28.252
28.252
28.252
45.363
45.363
45.363
45.363
45.363
33.167
33.167
33.167
33.167
33.167
30.968
30.968
30.968
30.968
30.968
30.977
30.977
30.977
30.977
30.977
33.326
33.326
33.326
33.326
33.326
33.024
33.024
33.024
33.024
33.024
28.817
28.817
28.817
28.817
28.817
29.665
29.665
29.665
29.665
29.665
23.063
23.063
23.063
23.063
23.063
29.703
29.703
29.703
29.703
29.703
28.846
28.846
28.846
28.846
28.846
33.166
33.166
33.166
33.166
33.166
41.447
41.447
41.447
41.447
41.447
31.069
31.069
31.069
31.069
31.069
28.304
28.304
28.304
28.304
28.304
35.403
35.403
35.403
35.403
35.403
33.783
33.783
33.783
33.783
33.783
39.963
39.963
39.963
39.963
39.963
37.368
37.368
37.368
37.368
37.368
29.187
29.187
29.187
29.187
29.187
34.788
34.788
34.788
