1176
1176
107
119
72
129
84
182
61
71
72
62
79
62
93
102
92
111
74
56
71
62
62
75
76
69
62
63
61
72
73
77
63
76
71
100
69
113
60
62
66
53
66
70
65
67
63
108
89
159
65
67
81
67
56
92
67
57
73
106
74
53
127
81
64
66
87
60
72
53
76
64
76
68
50
82
94
69
102
57
66
69
59
67
70
51
68
50
57
64
67
74
104
80
57
51
151
73
54
55
55
72
65
89
66
76
57
78
81
77
73
86
88
63
50
66
77
47
68
49
60
61
78
72
72
56
53
58
63
140
53
66
62
69
64
52
51
53
141
66
54
98
72
71
103
53
66
57
62
111
81
63
125
72
62
76
81
55
75
80
79
56
89
66
64
50
76
60
84
104
85
72
58
74
65
81
66
76
49
67
65
94
55
84
57
75
82
76
62
85
79
80
53
49
67
71
49
58
74
52
55
81
64
50
53
44
58
68
51
64
60
61
56
61
76
72
56
83
79
72
86
47
63
58
97
55
65
78
77
88
69
78
126
69
122
68
61
51
113
69
67
61
70
69
59
50
53
74
63
69
78
142
72
66
61
73
86
51
51
60
52
59
55
59
58
81
73
63
88
74
52
67
54
111
86
74
62
75
53
113
83
71
80
76
59
114
98
60
46
111
86
65
59
60
103
86
46
54
54
48
61
92
63
57
78
84
75
71
69
65
62
75
60
61
56
113
60
129
54
71
52
50
49
79
74
65
55
77
63
70
52
64
69
66
69
91
67
54
54
72
53
61
57
54
56
59
103
83
65
62
80
57
58
65
56
77
72
96
103
85
71
83
62
63
53
101
73
61
99
76
75
67
69
58
74
77
56
66
47
80
54
119
74
56
56
79
65
67
57
67
52
49
62
61
53
84
72
68
86
63
