0.0
0.0
0.0
0.0
0.0
61.468
61.468
61.468
61.468
61.468
16.605
16.605
16.605
16.605
16.605
14.279
14.279
14.279
14.279
14.279
29.196
29.196
29.196
29.196
29.196
20.401
20.401
20.401
20.401
20.401
14.524
14.524
14.524
14.524
14.524
21.117
21.117
21.117
21.117
21.117
7.556
7.556
7.556
7.556
7.556
23.876
23.876
23.876
23.876
23.876
20.284
20.284
20.284
20.284
20.284
46.103
46.103
46.103
46.103
46.103
17.287
17.287
17.287
17.287
17.287
25.859
25.859
25.859
25.859
25.859
26.283
26.283
26.283
26.283
26.283
20.501
20.501
20.501
20.501
20.501
20.58
20.58
20.58
20.58
20.58
26.092
26.092
26.092
26.092
26.092
20.941
20.941
20.941
20.941
20.941
23.695
23.695
23.695
23.695
23.695
15.271
15.271
15.271
15.271
15.271
17.229
17.229
17.229
17.229
17.229
19.935
19.935
19.935
19.935
19.935
16.81
16.81
16.81
16.81
16.81
20.86
20.86
20.86
20.86
20.86
23.026
23.026
23.026
23.026
23.026
16.621
16.621
16.621
16.621
16.621
17.882
17.882
17.882
17.882
17.882
23.825
23.825
23.825
23.825
23.825
23.842
23.842
23.842
23.842
23.842
17.198
17.198
17.198
17.198
17.198
22.242
22.242
22.242
22.242
22.242
25.3
25.3
25.3
25.3
25.3
21.667
21.667
21.667
21.667
21.667
26.261
26.261
26.261
26.261
26.261
23.203
23.203
23.203
23.203
23.203
28.757
28.757
28.757
28.757
28.757
18.48
18.48
18.48
18.48
18.48
22.998
22.998
22.998
22.998
22.998
22.209
22.209
22.209
22.209
22.209
19.601
19.601
19.601
19.601
19.601
18.215
18.215
18.215
18.215
18.215
26.816
26.816
26.816
26.816
26.816
18.261
18.261
18.261
18.261
18.261
17.09
17.09
17.09
17.09
17.09
21.074
21.074
21.074
21.074
21.074
20.188
20.188
20.188
20.188
20.188
25.77
25.77
25.77
25.77
25.77
22.516
22.516
22.516
22.516
22.516
19.308
19.308
19.308
19.308
19.308
21.1
21.1
21.1
21.1
21.1
20.455
20.455
20.455
20.455
20.455
18.843
18.843
18.843
18.843
18.843
19.405
19.405
19.405
19.405
19.405
17.59
17.59
17.59
17.59
17.59
24.36
24.36
24.36
24.36
24.36
18.986
18.986
18.986
18.986
18.986
21.2
21.2
21.2
21.2
21.2
15.592
15.592
15.592
15.592
15.592
21.83
21.83
21.83
21.83
21.83
23.142
23.142
23.142
23.142
23.142
20.216
20.216
20.216
20.216
20.216
15.36
15.36
15.36
15.36
15.36
16.985
16.985
16.985
16.985
16.985
24.949
24.949
24.949
24.949
24.949
20.036
20.036
20.036
20.036
20.036
22.236
22.236
22.236
22.236
22.236
17.969
17.969
17.969
17.969
17.969
51.922
51.922
51.922
51.922
51.922
17.376
17.376
17.376
17.376
17.376
21.954
21.954
21.954
21.954
21.954
20.038
20.038
20.038
20.038
20.038
22.103
22.103
22.103
22.103
22.103
16.582
16.582
16.582
16.582
16.582
23.774
23.774
23.774
23.774
23.774
24.574
24.574
24.574
24.574
24.574
23.289
23.289
23.289
23.289
23.289
19.808
19.808
19.808
19.808
19.808
16.55
16.55
16.55
16.55
16.55
22.688
22.688
22.688
22.688
22.688
22.674
22.674
22.674
22.674
22.674
24.514
24.514
24.514
24.514
24.514
20.087
20.087
20.087
20.087
20.087
20.333
20.333
20.333
20.333
20.333
22.251
22.251
22.251
22.251
22.251
26.123
26.123
26.123
26.123
26.123
17.409
17.409
17.409
17.409
17.409
26.951
26.951
26.951
26.951
26.951
19.329
19.329
19.329
19.329
19.329
23.979
23.979
23.979
23.979
23.979
22.069
22.069
22.069
22.069
22.069
27.509
27.509
27.509
27.509
27.509
26.871
26.871
26.871
26.871
26.871
21.713
21.713
21.713
21.713
21.713
24.499
24.499
24.499
24.499
24.499
20.873
20.873
20.873
20.873
20.873
19.989
19.989
19.989
19.989
19.989
22.974
22.974
22.974
22.974
22.974
21.977
21.977
21.977
21.977
21.977
20.639
20.639
20.639
20.639
20.639
23.803
23.803
23.803
23.803
23.803
22.654
22.654
22.654
22.654
22.654
20.459
20.459
20.459
20.459
20.459
15.749
15.749
15.749
15.749
15.749
26.189
26.189
26.189
26.189
26.189
18.736
18.736
18.736
18.736
18.736
24.865
24.865
24.865
24.865
24.865
28.998
28.998
28.998
28.998
28.998
19.598
19.598
19.598
19.598
19.598
23.251
23.251
23.251
23.251
23.251
19.538
19.538
19.538
19.538
19.538
20.171
20.171
20.171
20.171
20.171
18.993
18.993
18.993
18.993
18.993
25.042
25.042
25.042
25.042
25.042
18.32
18.32
18.32
18.32
18.32
26.6
26.6
26.6
26.6
26.6
22.131
22.131
22.131
22.131
22.131
22.211
22.211
22.211
22.211
22.211
17.006
