1123
92
97
90
63
79
61
103
91
55
78
74
77
179
124
174
125
109
91
121
93
86
58
56
55
100
64
67
75
52
66
65
42
64
63
88
57
67
83
112
77
64
53
65
69
79
86
85
72
71
72
73
58
70
87
111
103
97
88
101
99
77
78
83
104
74
84
73
98
53
82
83
62
83
107
67
62
70
55
65
60
53
69
50
114
57
98
72
66
61
70
65
66
75
55
59
66
69
58
95
66
49
55
59
55
69
58
63
68
65
61
69
119
121
59
51
65
65
53
83
84
51
72
69
67
78
96
57
127
95
58
66
86
71
104
88
55
99
63
124
81
81
60
80
72
76
96
53
54
61
93
52
75
48
50
49
84
71
51
59
74
68
69
56
57
57
90
71
55
55
60
90
49
56
75
104
69
66
76
57
64
125
58
83
78
53
64
60
93
73
66
71
58
54
54
71
51
81
81
69
65
81
76
58
53
111
68
54
61
54
58
128
64
54
64
75
53
64
54
54
63
71
72
83
52
60
62
89
73
62
52
76
77
55
50
55
50
89
51
60
55
67
72
55
67
48
63
64
77
123
58
67
110
54
58
70
82
99
61
66
71
67
110
89
105
55
46
58
67
61
90
56
80
57
58
56
58
64
72
79
52
53
45
64
49
72
66
70
67
54
54
50
60
49
63
54
70
94
47
84
59
65
68
56
69
101
46
66
60
68
60
65
45
91
54
96
96
53
62
89
65
91
100
68
69
54
68
140
57
59
76
69
81
50
52
55
61
65
73
56
68
72
78
88
70
48
50
56
63
90
45
76
61
70
93
45
53
61
61
61
49
103
51
98
66
93
75
63
53
79
52
86
57
57
80
62
61
56
69
67
60
56
60
87
72
59
81
56
73
58
81
86
55
54
60
53
72
53
51
77
