100.0
100.0
100.0
100.0
100.0
16.418
16.418
16.418
16.418
16.418
17.598
17.598
17.598
17.598
17.598
20.98
20.98
20.98
20.98
20.98
21.283
21.283
21.283
21.283
21.283
19.549
19.549
19.549
19.549
19.549
19.382
19.382
19.382
19.382
19.382
24.128
24.128
24.128
24.128
24.128
21.574
21.574
21.574
21.574
21.574
31.876
31.876
31.876
31.876
31.876
36.024
36.024
36.024
36.024
36.024
20.821
20.821
20.821
20.821
20.821
10.585
10.585
10.585
10.585
10.585
21.122
21.122
21.122
21.122
21.122
18.036
18.036
18.036
18.036
18.036
19.188
19.188
19.188
19.188
19.188
22.016
22.016
22.016
22.016
22.016
12.446
12.446
12.446
12.446
12.446
18.871
18.871
18.871
18.871
18.871
16.041
16.041
16.041
16.041
16.041
12.275
12.275
12.275
12.275
12.275
21.878
21.878
21.878
21.878
21.878
19.023
19.023
19.023
19.023
19.023
18.869
18.869
18.869
18.869
18.869
15.404
15.404
15.404
15.404
15.404
15.402
15.402
15.402
15.402
15.402
28.77
28.77
28.77
28.77
28.77
21.726
21.726
21.726
21.726
21.726
31.406
31.406
31.406
31.406
31.406
32.13
32.13
32.13
32.13
32.13
15.146
15.146
15.146
15.146
15.146
18.4
18.4
18.4
18.4
18.4
18.189
18.189
18.189
18.189
18.189
13.442
13.442
13.442
13.442
13.442
14.716
14.716
14.716
14.716
14.716
21.574
21.574
21.574
21.574
21.574
22.026
22.026
22.026
22.026
22.026
14.822
14.822
14.822
14.822
14.822
17.434
17.434
17.434
17.434
17.434
13.462
13.462
13.462
13.462
13.462
14.201
14.201
14.201
14.201
14.201
22.031
22.031
22.031
22.031
22.031
14.053
14.053
14.053
14.053
14.053
16.286
16.286
16.286
16.286
16.286
16.075
16.075
16.075
16.075
16.075
13.788
13.788
13.788
13.788
13.788
9.801
9.801
9.801
9.801
9.801
14.381
14.381
14.381
14.381
14.381
19.104
19.104
19.104
19.104
19.104
23.942
23.942
23.942
