3293
171
197
168
118
192
225
156
103
119
98
147
96
94
117
135
100
101
114
164
97
73
123
78
87
79
85
117
134
135
117
134
105
89
82
76
82
61
198
68
157
150
106
169
99
99
112
79
81
84
95
93
138
77
117
92
89
93
91
84
141
171
131
139
96
83
102
102
139
63
119
95
68
96
71
153
100
78
80
126
68
129
80
88
76
77
105
84
125
81
62
69
74
68
70
77
190
70
76
90
70
75
99
78
82
64
84
125
87
118
73
64
61
67
71
72
65
69
100
107
78
86
61
66
64
78
140
81
61
76
73
68
68
86
140
64
80
114
84
72
78
108
65
71
76
138
93
83
73
79
114
87
69
98
89
129
154
133
129
90
72
93
84
106
79
76
92
87
77
160
116
80
144
130
99
87
90
137
94
128
109
184
120
131
99
103
108
135
81
103
133
80
75
105
84
83
106
99
117
88
